step,track,model,dataset,Accuracy,MicroF1,MacroF1,Memory in Mb,Time in s
100,Multiclass classification,Logistic regression,Hyperplane (limited 5000),0.73,0.7299999999999999,0.7286704853783539,0.008872032165527344,0.018626
200,Multiclass classification,Logistic regression,Hyperplane (limited 5000),0.74,0.74,0.7340153452685423,0.008872032165527344,0.055442000000000005
300,Multiclass classification,Logistic regression,Hyperplane (limited 5000),0.7733333333333333,0.7733333333333333,0.7696372916572563,0.009673118591308594,0.11060900000000001
400,Multiclass classification,Logistic regression,Hyperplane (limited 5000),0.7825,0.7825,0.7810094958813424,0.009673118591308594,0.18379700000000002
500,Multiclass classification,Logistic regression,Hyperplane (limited 5000),0.79,0.79,0.7896289053891064,0.009673118591308594,0.281013
600,Multiclass classification,Logistic regression,Hyperplane (limited 5000),0.8083333333333333,0.8083333333333333,0.8082901986280246,0.009673118591308594,0.400516
700,Multiclass classification,Logistic regression,Hyperplane (limited 5000),0.8185714285714286,0.8185714285714286,0.8184079957676194,0.009673118591308594,0.5424
800,Multiclass classification,Logistic regression,Hyperplane (limited 5000),0.82875,0.82875,0.8286897737485835,0.009673118591308594,0.707754
900,Multiclass classification,Logistic regression,Hyperplane (limited 5000),0.8344444444444444,0.8344444444444444,0.8344426049178324,0.009673118591308594,0.898841
1000,Multiclass classification,Logistic regression,Hyperplane (limited 5000),0.837,0.8370000000000001,0.8369985329867969,0.009673118591308594,1.111371
1100,Multiclass classification,Logistic regression,Hyperplane (limited 5000),0.84,0.8399999999999999,0.8399809564113415,0.009673118591308594,1.3450250000000001
1200,Multiclass classification,Logistic regression,Hyperplane (limited 5000),0.8491666666666666,0.8491666666666666,0.8491430952753035,0.009673118591308594,1.598208
1300,Multiclass classification,Logistic regression,Hyperplane (limited 5000),0.8530769230769231,0.8530769230769231,0.8530664029791482,0.009673118591308594,1.87071
1400,Multiclass classification,Logistic regression,Hyperplane (limited 5000),0.8535714285714285,0.8535714285714285,0.8535695608362353,0.009673118591308594,2.162361
1500,Multiclass classification,Logistic regression,Hyperplane (limited 5000),0.8573333333333333,0.8573333333333333,0.8573209043987833,0.009673118591308594,2.475921
1600,Multiclass classification,Logistic regression,Hyperplane (limited 5000),0.859375,0.859375,0.8593657159398413,0.009673118591308594,2.807476
1700,Multiclass classification,Logistic regression,Hyperplane (limited 5000),0.8641176470588235,0.8641176470588235,0.8640969089054766,0.009673118591308594,3.158956
1800,Multiclass classification,Logistic regression,Hyperplane (limited 5000),0.8661111111111112,0.8661111111111112,0.8660961915818399,0.009673118591308594,3.534662
1900,Multiclass classification,Logistic regression,Hyperplane (limited 5000),0.8705263157894737,0.8705263157894737,0.8705146943936242,0.009673118591308594,3.928217
2000,Multiclass classification,Logistic regression,Hyperplane (limited 5000),0.8725,0.8725,0.8724946128973949,0.009673118591308594,4.3395150000000005
2100,Multiclass classification,Logistic regression,Hyperplane (limited 5000),0.8757142857142857,0.8757142857142857,0.8757140320694532,0.009673118591308594,4.766958000000001
2200,Multiclass classification,Logistic regression,Hyperplane (limited 5000),0.8772727272727273,0.8772727272727273,0.8772677571240488,0.009673118591308594,5.2097430000000005
2300,Multiclass classification,Logistic regression,Hyperplane (limited 5000),0.88,0.88,0.8799999092626913,0.009673118591308594,5.673145000000001
2400,Multiclass classification,Logistic regression,Hyperplane (limited 5000),0.8825,0.8825,0.88249926562041,0.009673118591308594,6.1520470000000005
2500,Multiclass classification,Logistic regression,Hyperplane (limited 5000),0.8852,0.8852,0.885197777428971,0.009673118591308594,6.649465
2600,Multiclass classification,Logistic regression,Hyperplane (limited 5000),0.8865384615384615,0.8865384615384615,0.8865376391041887,0.009673118591308594,7.167654000000001
2700,Multiclass classification,Logistic regression,Hyperplane (limited 5000),0.8877777777777778,0.8877777777777778,0.8877777623837808,0.009673118591308594,7.705255000000001
2800,Multiclass classification,Logistic regression,Hyperplane (limited 5000),0.8889285714285714,0.8889285714285714,0.8889282172455907,0.009673118591308594,8.272571000000001
2900,Multiclass classification,Logistic regression,Hyperplane (limited 5000),0.8910344827586207,0.8910344827586207,0.89103261696752,0.009673118591308594,8.863007000000001
3000,Multiclass classification,Logistic regression,Hyperplane (limited 5000),0.8933333333333333,0.8933333333333333,0.8933294931950884,0.009673118591308594,9.486862000000002
3100,Multiclass classification,Logistic regression,Hyperplane (limited 5000),0.8941935483870967,0.8941935483870967,0.8941836384260753,0.009673118591308594,10.141312000000003
3200,Multiclass classification,Logistic regression,Hyperplane (limited 5000),0.895625,0.895625,0.8956145614561457,0.009673118591308594,10.822584000000003
3300,Multiclass classification,Logistic regression,Hyperplane (limited 5000),0.8972727272727272,0.8972727272727272,0.8972568676579001,0.009673118591308594,11.528533000000003
3400,Multiclass classification,Logistic regression,Hyperplane (limited 5000),0.8973529411764706,0.8973529411764706,0.8973407836966161,0.009673118591308594,12.268833000000003
3500,Multiclass classification,Logistic regression,Hyperplane (limited 5000),0.8985714285714286,0.8985714285714286,0.8985575081772446,0.009673118591308594,13.045811000000002
3600,Multiclass classification,Logistic regression,Hyperplane (limited 5000),0.8994444444444445,0.8994444444444445,0.8994201065936942,0.009673118591308594,13.858602000000003
3700,Multiclass classification,Logistic regression,Hyperplane (limited 5000),0.9002702702702703,0.9002702702702703,0.9002413482769402,0.009673118591308594,14.701199000000003
3800,Multiclass classification,Logistic regression,Hyperplane (limited 5000),0.9018421052631579,0.9018421052631579,0.9018257814197499,0.009673118591308594,15.572766000000003
3900,Multiclass classification,Logistic regression,Hyperplane (limited 5000),0.9028205128205128,0.9028205128205128,0.9028063970631894,0.009673118591308594,16.469115000000002
4000,Multiclass classification,Logistic regression,Hyperplane (limited 5000),0.90375,0.90375,0.9037468176291579,0.009673118591308594,17.392089000000002
4100,Multiclass classification,Logistic regression,Hyperplane (limited 5000),0.9034146341463415,0.9034146341463415,0.9034087501820456,0.009673118591308594,18.339181000000004
4200,Multiclass classification,Logistic regression,Hyperplane (limited 5000),0.9042857142857142,0.9042857142857142,0.9042839562359308,0.009673118591308594,19.310727000000004
4300,Multiclass classification,Logistic regression,Hyperplane (limited 5000),0.9051162790697674,0.9051162790697674,0.905115273260874,0.009673118591308594,20.307187000000003
4400,Multiclass classification,Logistic regression,Hyperplane (limited 5000),0.9059090909090909,0.9059090909090909,0.9059090714688165,0.009673118591308594,21.331389
4500,Multiclass classification,Logistic regression,Hyperplane (limited 5000),0.9073333333333333,0.9073333333333333,0.9073333287572014,0.009673118591308594,22.385586
4600,Multiclass classification,Logistic regression,Hyperplane (limited 5000),0.9073913043478261,0.9073913043478261,0.9073912868414531,0.009673118591308594,23.47159
4700,Multiclass classification,Logistic regression,Hyperplane (limited 5000),0.908936170212766,0.908936170212766,0.9089341749271465,0.009673118591308594,24.588388
4800,Multiclass classification,Logistic regression,Hyperplane (limited 5000),0.90875,0.90875,0.9087489860998456,0.009673118591308594,25.735426999999998
4900,Multiclass classification,Logistic regression,Hyperplane (limited 5000),0.909795918367347,0.909795918367347,0.9097958582562988,0.009673118591308594,26.912276999999996
5000,Multiclass classification,Logistic regression,Hyperplane (limited 5000),0.9108,0.9108,0.9107999429119635,0.009673118591308594,28.120676999999997
100,Multiclass classification,Logistic regression,LED (limited 5000),0.1,0.10000000000000002,0.01834862385321101,0.004870414733886719,0.008901
200,Multiclass classification,Logistic regression,LED (limited 5000),0.09,0.09,0.016589861751152075,0.004870414733886719,0.027473
300,Multiclass classification,Logistic regression,LED (limited 5000),0.09666666666666666,0.09666666666666666,0.017682926829268295,0.005057334899902344,0.056647
400,Multiclass classification,Logistic regression,LED (limited 5000),0.08,0.08,0.014849187935034803,0.005057334899902344,0.095689
500,Multiclass classification,Logistic regression,LED (limited 5000),0.084,0.084,0.015526802218114602,0.005057334899902344,0.145708
600,Multiclass classification,Logistic regression,LED (limited 5000),0.09,0.09,0.016539050535987747,0.005057334899902344,0.206916
700,Multiclass classification,Logistic regression,LED (limited 5000),0.08571428571428572,0.08571428571428572,0.015810276679841896,0.005057334899902344,0.278881
800,Multiclass classification,Logistic regression,LED (limited 5000),0.08875,0.08875000000000001,0.01632183908045977,0.005057334899902344,0.360261
900,Multiclass classification,Logistic regression,LED (limited 5000),0.09,0.09,0.016530612244897956,0.005057334899902344,0.450619
1000,Multiclass classification,Logistic regression,LED (limited 5000),0.097,0.097,0.017700729927007303,0.005057334899902344,0.550189
1100,Multiclass classification,Logistic regression,LED (limited 5000),0.09545454545454546,0.09545454545454546,0.01744186046511628,0.005057334899902344,0.6626770000000001
1200,Multiclass classification,Logistic regression,LED (limited 5000),0.09583333333333334,0.09583333333333334,0.017503805175038054,0.005057334899902344,0.7900630000000001
1300,Multiclass classification,Logistic regression,LED (limited 5000),0.09538461538461539,0.09538461538461539,0.017427969079409696,0.005057334899902344,0.9285730000000001
1400,Multiclass classification,Logistic regression,LED (limited 5000),0.09642857142857143,0.09642857142857143,0.017601043024771838,0.005057334899902344,1.079619
1500,Multiclass classification,Logistic regression,LED (limited 5000),0.09733333333333333,0.09733333333333333,0.017750759878419453,0.005057334899902344,1.241754
1600,Multiclass classification,Logistic regression,LED (limited 5000),0.0975,0.0975,0.017777777777777774,0.005057334899902344,1.415823
1700,Multiclass classification,Logistic regression,LED (limited 5000),0.09588235294117647,0.09588235294117647,0.017508055853920512,0.005057334899902344,1.602204
1800,Multiclass classification,Logistic regression,LED (limited 5000),0.09333333333333334,0.09333333333333334,0.017081850533807827,0.005057334899902344,1.801229
1900,Multiclass classification,Logistic regression,LED (limited 5000),0.09421052631578947,0.09421052631578947,0.01722810394610202,0.005057334899902344,2.015493
2000,Multiclass classification,Logistic regression,LED (limited 5000),0.0945,0.0945,0.017276051188299814,0.005057334899902344,2.2399570000000004
2100,Multiclass classification,Logistic regression,LED (limited 5000),0.09523809523809523,0.09523809523809523,0.01739886907351022,0.005057334899902344,2.4750840000000003
2200,Multiclass classification,Logistic regression,LED (limited 5000),0.09681818181818182,0.09681818181818182,0.017661691542288558,0.005057334899902344,2.723126
2300,Multiclass classification,Logistic regression,LED (limited 5000),0.09478260869565218,0.09478260869565217,0.01732220897894319,0.005057334899902344,2.981453
2400,Multiclass classification,Logistic regression,LED (limited 5000),0.09333333333333334,0.09333333333333334,0.017079679756004572,0.005057334899902344,3.2495130000000003
2500,Multiclass classification,Logistic regression,LED (limited 5000),0.0936,0.0936,0.017124039517014272,0.005057334899902344,3.527674
2600,Multiclass classification,Logistic regression,LED (limited 5000),0.095,0.095,0.01735769501054111,0.005057334899902344,3.814852
2700,Multiclass classification,Logistic regression,LED (limited 5000),0.09592592592592593,0.09592592592592593,0.01751183231913455,0.005057334899902344,4.110976
2800,Multiclass classification,Logistic regression,LED (limited 5000),0.09535714285714286,0.09535714285714288,0.017416829745596867,0.005057334899902344,4.417331
2900,Multiclass classification,Logistic regression,LED (limited 5000),0.09586206896551724,0.09586206896551724,0.017500786905886054,0.005057334899902344,4.735626
3000,Multiclass classification,Logistic regression,LED (limited 5000),0.09466666666666666,0.09466666666666666,0.01730124885775206,0.005057334899902344,5.0663
3100,Multiclass classification,Logistic regression,LED (limited 5000),0.09419354838709677,0.09419354838709677,0.0172220583898555,0.005057334899902344,5.410137
3200,Multiclass classification,Logistic regression,LED (limited 5000),0.0934375,0.0934375,0.017095483133218983,0.005057334899902344,5.7639629999999995
3300,Multiclass classification,Logistic regression,LED (limited 5000),0.09515151515151515,0.09515151515151515,0.01738167727650152,0.005057334899902344,6.126328999999999
3400,Multiclass classification,Logistic regression,LED (limited 5000),0.0961764705882353,0.0961764705882353,0.017552334943639288,0.005057334899902344,6.501950999999999
3500,Multiclass classification,Logistic regression,LED (limited 5000),0.09685714285714286,0.09685714285714286,0.017665450755601875,0.005057334899902344,6.890021999999999
3600,Multiclass classification,Logistic regression,LED (limited 5000),0.0961111111111111,0.09611111111111109,0.017541191381495565,0.005057334899902344,7.287717999999999
3700,Multiclass classification,Logistic regression,LED (limited 5000),0.09594594594594595,0.09594594594594595,0.01751356684755797,0.005057334899902344,7.696810999999999
3800,Multiclass classification,Logistic regression,LED (limited 5000),0.0968421052631579,0.0968421052631579,0.017662586993040557,0.005057334899902344,8.117382
3900,Multiclass classification,Logistic regression,LED (limited 5000),0.09692307692307692,0.09692307692307692,0.0176759410801964,0.005057334899902344,8.547039
4000,Multiclass classification,Logistic regression,LED (limited 5000),0.096,0.096,0.01752224503764545,0.005057334899902344,8.987394
4100,Multiclass classification,Logistic regression,LED (limited 5000),0.0951219512195122,0.0951219512195122,0.017375807529516597,0.005057334899902344,9.461854
4200,Multiclass classification,Logistic regression,LED (limited 5000),0.09547619047619048,0.09547619047619048,0.017434782608695652,0.005057334899902344,9.948157
4300,Multiclass classification,Logistic regression,LED (limited 5000),0.09511627906976744,0.09511627906976744,0.017374681393372983,0.005057334899902344,10.442936
4400,Multiclass classification,Logistic regression,LED (limited 5000),0.09522727272727273,0.09522727272727273,0.017393109173931092,0.005057334899902344,10.950694
4500,Multiclass classification,Logistic regression,LED (limited 5000),0.09466666666666666,0.09466666666666666,0.0172994923857868,0.005057334899902344,11.474494
4600,Multiclass classification,Logistic regression,LED (limited 5000),0.09543478260869566,0.09543478260869566,0.01742755061532354,0.005057334899902344,12.009231
4700,Multiclass classification,Logistic regression,LED (limited 5000),0.09425531914893617,0.09425531914893616,0.017230649552703224,0.005057334899902344,12.554685
4800,Multiclass classification,Logistic regression,LED (limited 5000),0.09354166666666666,0.09354166666666666,0.01711128048780488,0.005057334899902344,13.110660999999999
4900,Multiclass classification,Logistic regression,LED (limited 5000),0.09346938775510204,0.09346938775510204,0.017099122643270487,0.005057334899902344,13.681411999999998
5000,Multiclass classification,Logistic regression,LED (limited 5000),0.0928,0.0928,0.016987003477942523,0.005057334899902344,14.270020999999998
100,Multiclass classification,Logistic regression,RandomRBF (limited 5000),0.31,0.31,0.13239595050618672,0.004286766052246094,0.008615
200,Multiclass classification,Logistic regression,RandomRBF (limited 5000),0.365,0.36499999999999994,0.1423035725537143,0.004286766052246094,0.025872
300,Multiclass classification,Logistic regression,RandomRBF (limited 5000),0.33666666666666667,0.33666666666666667,0.13182693732404802,0.004393577575683594,0.052459
400,Multiclass classification,Logistic regression,RandomRBF (limited 5000),0.35,0.35,0.13401200519143414,0.004393577575683594,0.088793
500,Multiclass classification,Logistic regression,RandomRBF (limited 5000),0.354,0.354,0.13427892765209382,0.004393577575683594,0.13480799999999998
600,Multiclass classification,Logistic regression,RandomRBF (limited 5000),0.36333333333333334,0.3633333333333333,0.1362863952684312,0.004393577575683594,0.19205
700,Multiclass classification,Logistic regression,RandomRBF (limited 5000),0.36714285714285716,0.36714285714285716,0.13922403980617257,0.004393577575683594,0.258321
800,Multiclass classification,Logistic regression,RandomRBF (limited 5000),0.3625,0.36250000000000004,0.1373499538319483,0.004393577575683594,0.334058
900,Multiclass classification,Logistic regression,RandomRBF (limited 5000),0.3522222222222222,0.3522222222222222,0.13438079470198674,0.004393577575683594,0.41871
1000,Multiclass classification,Logistic regression,RandomRBF (limited 5000),0.359,0.359,0.13596754057428215,0.004393577575683594,0.513323
1100,Multiclass classification,Logistic regression,RandomRBF (limited 5000),0.36,0.36,0.13591793250554057,0.004393577575683594,0.6213679999999999
1200,Multiclass classification,Logistic regression,RandomRBF (limited 5000),0.3566666666666667,0.35666666666666674,0.13471726715287508,0.004393577575683594,0.743157
1300,Multiclass classification,Logistic regression,RandomRBF (limited 5000),0.3484615384615385,0.3484615384615385,0.1321494615645992,0.004393577575683594,0.875311
1400,Multiclass classification,Logistic regression,RandomRBF (limited 5000),0.35214285714285715,0.35214285714285715,0.13428740290442415,0.004393577575683594,1.01594
1500,Multiclass classification,Logistic regression,RandomRBF (limited 5000),0.35533333333333333,0.35533333333333333,0.13706485039003377,0.004393577575683594,1.169152
1600,Multiclass classification,Logistic regression,RandomRBF (limited 5000),0.354375,0.354375,0.1374831439029089,0.004393577575683594,1.33385
1700,Multiclass classification,Logistic regression,RandomRBF (limited 5000),0.3517647058823529,0.3517647058823529,0.13738471673254282,0.004393577575683594,1.508703
1800,Multiclass classification,Logistic regression,RandomRBF (limited 5000),0.3527777777777778,0.3527777777777778,0.13732094184887672,0.004393577575683594,1.6943139999999999
1900,Multiclass classification,Logistic regression,RandomRBF (limited 5000),0.3568421052631579,0.3568421052631579,0.13988059439103603,0.004393577575683594,1.8912039999999999
2000,Multiclass classification,Logistic regression,RandomRBF (limited 5000),0.3575,0.3575,0.13973421374186676,0.004393577575683594,2.1020849999999998
2100,Multiclass classification,Logistic regression,RandomRBF (limited 5000),0.3619047619047619,0.3619047619047619,0.14063566789731,0.004393577575683594,2.3247859999999996
2200,Multiclass classification,Logistic regression,RandomRBF (limited 5000),0.365,0.36499999999999994,0.1411060170864634,0.004393577575683594,2.5575279999999996
2300,Multiclass classification,Logistic regression,RandomRBF (limited 5000),0.36434782608695654,0.36434782608695654,0.14201515012184468,0.004393577575683594,2.8005499999999994
2400,Multiclass classification,Logistic regression,RandomRBF (limited 5000),0.36125,0.36125,0.14140582919384762,0.004393577575683594,3.0554189999999997
2500,Multiclass classification,Logistic regression,RandomRBF (limited 5000),0.3608,0.3608,0.14104119534258275,0.004393577575683594,3.3200459999999996
2600,Multiclass classification,Logistic regression,RandomRBF (limited 5000),0.3626923076923077,0.36269230769230765,0.1425914386832568,0.004393577575683594,3.5967659999999997
2700,Multiclass classification,Logistic regression,RandomRBF (limited 5000),0.3603703703703704,0.3603703703703704,0.14163975815560426,0.004393577575683594,3.8829199999999995
2800,Multiclass classification,Logistic regression,RandomRBF (limited 5000),0.35892857142857143,0.3589285714285715,0.14145151058891922,0.004393577575683594,4.178292999999999
2900,Multiclass classification,Logistic regression,RandomRBF (limited 5000),0.3544827586206897,0.3544827586206897,0.14149995928449283,0.004393577575683594,4.483369999999999
3000,Multiclass classification,Logistic regression,RandomRBF (limited 5000),0.356,0.356,0.14219229592192295,0.004393577575683594,4.801362999999999
3100,Multiclass classification,Logistic regression,RandomRBF (limited 5000),0.35516129032258065,0.3551612903225807,0.14212139938936869,0.004393577575683594,5.131393999999999
3200,Multiclass classification,Logistic regression,RandomRBF (limited 5000),0.3559375,0.35593749999999996,0.1425632693679943,0.004393577575683594,5.470352999999999
3300,Multiclass classification,Logistic regression,RandomRBF (limited 5000),0.35484848484848486,0.3548484848484849,0.14237940874204622,0.004393577575683594,5.818766999999999
3400,Multiclass classification,Logistic regression,RandomRBF (limited 5000),0.3561764705882353,0.3561764705882353,0.1429011372474827,0.004393577575683594,6.175971
3500,Multiclass classification,Logistic regression,RandomRBF (limited 5000),0.35742857142857143,0.35742857142857143,0.14460056514372235,0.004393577575683594,6.541926999999999
3600,Multiclass classification,Logistic regression,RandomRBF (limited 5000),0.35833333333333334,0.35833333333333334,0.1466106157863143,0.004393577575683594,6.9184909999999995
3700,Multiclass classification,Logistic regression,RandomRBF (limited 5000),0.3591891891891892,0.3591891891891892,0.14787242150583124,0.004393577575683594,7.306590999999999
3800,Multiclass classification,Logistic regression,RandomRBF (limited 5000),0.36,0.36,0.1488993582646808,0.004393577575683594,7.705011999999999
3900,Multiclass classification,Logistic regression,RandomRBF (limited 5000),0.36205128205128206,0.36205128205128206,0.15098655057813476,0.004393577575683594,8.113389
4000,Multiclass classification,Logistic regression,RandomRBF (limited 5000),0.3635,0.36349999999999993,0.15259460959450555,0.004393577575683594,8.531089
4100,Multiclass classification,Logistic regression,RandomRBF (limited 5000),0.36292682926829267,0.36292682926829267,0.15305921381880638,0.004393577575683594,8.957461
4200,Multiclass classification,Logistic regression,RandomRBF (limited 5000),0.3626190476190476,0.3626190476190476,0.15362852024800686,0.004393577575683594,9.392321
4300,Multiclass classification,Logistic regression,RandomRBF (limited 5000),0.3627906976744186,0.3627906976744186,0.1543070306528708,0.004393577575683594,9.867376
4400,Multiclass classification,Logistic regression,RandomRBF (limited 5000),0.36318181818181816,0.36318181818181816,0.15462727026957598,0.004393577575683594,10.352365
4500,Multiclass classification,Logistic regression,RandomRBF (limited 5000),0.36288888888888887,0.36288888888888887,0.15497591609182643,0.004393577575683594,10.845785000000001
4600,Multiclass classification,Logistic regression,RandomRBF (limited 5000),0.3626086956521739,0.3626086956521739,0.1550619417111983,0.004393577575683594,11.350284000000002
4700,Multiclass classification,Logistic regression,RandomRBF (limited 5000),0.3638297872340426,0.3638297872340426,0.15628002483989012,0.004393577575683594,11.868842000000003
4800,Multiclass classification,Logistic regression,RandomRBF (limited 5000),0.3625,0.36250000000000004,0.15611527104380882,0.004393577575683594,12.397304000000002
4900,Multiclass classification,Logistic regression,RandomRBF (limited 5000),0.36306122448979594,0.36306122448979594,0.1560835435180508,0.004393577575683594,12.935216000000002
5000,Multiclass classification,Logistic regression,RandomRBF (limited 5000),0.3628,0.36280000000000007,0.1571952515553926,0.004393577575683594,13.487156000000002
100,Multiclass classification,Deep River Logistic,Hyperplane (limited 5000),0.61,0.61,0.6096486838154338,0.026413917541503906,0.143696
200,Multiclass classification,Deep River Logistic,Hyperplane (limited 5000),0.655,0.655,0.6545768566493955,0.026413917541503906,0.397806
300,Multiclass classification,Deep River Logistic,Hyperplane (limited 5000),0.72,0.72,0.7196885428253614,0.02718830108642578,0.7407360000000001
400,Multiclass classification,Deep River Logistic,Hyperplane (limited 5000),0.7375,0.7375,0.7374852335443869,0.02718830108642578,1.167988
500,Multiclass classification,Deep River Logistic,Hyperplane (limited 5000),0.758,0.7579999999999999,0.7579525587015055,0.02718830108642578,1.709651
600,Multiclass classification,Deep River Logistic,Hyperplane (limited 5000),0.7783333333333333,0.7783333333333333,0.7780614586201431,0.02718830108642578,2.3842920000000003
700,Multiclass classification,Deep River Logistic,Hyperplane (limited 5000),0.7914285714285715,0.7914285714285715,0.791385997142274,0.02718830108642578,3.2067200000000002
800,Multiclass classification,Deep River Logistic,Hyperplane (limited 5000),0.81,0.81,0.8099239695878352,0.02718830108642578,4.137519
900,Multiclass classification,Deep River Logistic,Hyperplane (limited 5000),0.8222222222222222,0.8222222222222222,0.8219681421881104,0.02718830108642578,5.193586
1000,Multiclass classification,Deep River Logistic,Hyperplane (limited 5000),0.828,0.828,0.8278650461962178,0.02718830108642578,6.386403
1100,Multiclass classification,Deep River Logistic,Hyperplane (limited 5000),0.8318181818181818,0.8318181818181818,0.8317679902847048,0.02718830108642578,7.718864
1200,Multiclass classification,Deep River Logistic,Hyperplane (limited 5000),0.8391666666666666,0.8391666666666666,0.8391173963693048,0.02718830108642578,9.191327
1300,Multiclass classification,Deep River Logistic,Hyperplane (limited 5000),0.8438461538461538,0.8438461538461539,0.8437883832778394,0.02718830108642578,10.788815999999999
1400,Multiclass classification,Deep River Logistic,Hyperplane (limited 5000),0.8471428571428572,0.8471428571428571,0.8470816898187846,0.02718830108642578,12.484513
1500,Multiclass classification,Deep River Logistic,Hyperplane (limited 5000),0.8513333333333334,0.8513333333333334,0.8511872322649214,0.02718830108642578,14.282682
1600,Multiclass classification,Deep River Logistic,Hyperplane (limited 5000),0.855,0.855,0.8548800492907419,0.02718830108642578,16.183083
1700,Multiclass classification,Deep River Logistic,Hyperplane (limited 5000),0.8588235294117647,0.8588235294117647,0.8586809389681769,0.02718830108642578,18.192292
1800,Multiclass classification,Deep River Logistic,Hyperplane (limited 5000),0.8622222222222222,0.8622222222222222,0.8621071412685155,0.02718830108642578,20.346109
1900,Multiclass classification,Deep River Logistic,Hyperplane (limited 5000),0.8668421052631579,0.8668421052631579,0.8667460960098952,0.02718830108642578,22.603416
2000,Multiclass classification,Deep River Logistic,Hyperplane (limited 5000),0.8705,0.8705,0.8704455547443815,0.02718830108642578,24.960373999999998
2100,Multiclass classification,Deep River Logistic,Hyperplane (limited 5000),0.8752380952380953,0.8752380952380953,0.8752159114001219,0.02718830108642578,27.411161999999997
2200,Multiclass classification,Deep River Logistic,Hyperplane (limited 5000),0.8768181818181818,0.8768181818181818,0.8767753841778518,0.02718830108642578,29.981146999999996
2300,Multiclass classification,Deep River Logistic,Hyperplane (limited 5000),0.8791304347826087,0.8791304347826085,0.8791098674632736,0.02718830108642578,32.678138
2400,Multiclass classification,Deep River Logistic,Hyperplane (limited 5000),0.8816666666666667,0.8816666666666667,0.8816429130568565,0.02718830108642578,35.471553
2500,Multiclass classification,Deep River Logistic,Hyperplane (limited 5000),0.8844,0.8844,0.8843718607360287,0.02718830108642578,38.366797
2600,Multiclass classification,Deep River Logistic,Hyperplane (limited 5000),0.8861538461538462,0.8861538461538462,0.8861320158420904,0.02718830108642578,41.367353
2700,Multiclass classification,Deep River Logistic,Hyperplane (limited 5000),0.8862962962962962,0.8862962962962964,0.8862849247887752,0.02718830108642578,44.479552
2800,Multiclass classification,Deep River Logistic,Hyperplane (limited 5000),0.8871428571428571,0.8871428571428571,0.8871345649884481,0.02718830108642578,47.69048
2900,Multiclass classification,Deep River Logistic,Hyperplane (limited 5000),0.8879310344827587,0.8879310344827587,0.8879262237059166,0.02718830108642578,51.001555
3000,Multiclass classification,Deep River Logistic,Hyperplane (limited 5000),0.8903333333333333,0.8903333333333333,0.8903312739983673,0.02718830108642578,54.417265
3100,Multiclass classification,Deep River Logistic,Hyperplane (limited 5000),0.8909677419354839,0.8909677419354838,0.8909676965526312,0.02718830108642578,57.931957
3200,Multiclass classification,Deep River Logistic,Hyperplane (limited 5000),0.8925,0.8925,0.8925000000000002,0.02718830108642578,61.539770999999995
3300,Multiclass classification,Deep River Logistic,Hyperplane (limited 5000),0.8936363636363637,0.8936363636363637,0.8936355724959938,0.02718830108642578,65.24127899999999
3400,Multiclass classification,Deep River Logistic,Hyperplane (limited 5000),0.8941176470588236,0.8941176470588236,0.8941175005086512,0.02718830108642578,69.039875
3500,Multiclass classification,Deep River Logistic,Hyperplane (limited 5000),0.8957142857142857,0.8957142857142857,0.89571386856976,0.02718830108642578,72.935284
3600,Multiclass classification,Deep River Logistic,Hyperplane (limited 5000),0.8963888888888889,0.8963888888888889,0.896384659528155,0.02718830108642578,76.929024
3700,Multiclass classification,Deep River Logistic,Hyperplane (limited 5000),0.8972972972972973,0.8972972972972972,0.8972905450321789,0.02718830108642578,81.021989
3800,Multiclass classification,Deep River Logistic,Hyperplane (limited 5000),0.8989473684210526,0.8989473684210526,0.8989455768744931,0.02718830108642578,85.211477
3900,Multiclass classification,Deep River Logistic,Hyperplane (limited 5000),0.9,0.9,0.8999987113574903,0.02718830108642578,89.501868
4000,Multiclass classification,Deep River Logistic,Hyperplane (limited 5000),0.901,0.901,0.9009993812461328,0.02718830108642578,93.887925
4100,Multiclass classification,Deep River Logistic,Hyperplane (limited 5000),0.9007317073170732,0.9007317073170732,0.9007317014117608,0.02718830108642578,98.394382
4200,Multiclass classification,Deep River Logistic,Hyperplane (limited 5000),0.9014285714285715,0.9014285714285715,0.9014274761783068,0.02718830108642578,102.99543299999999
4300,Multiclass classification,Deep River Logistic,Hyperplane (limited 5000),0.9023255813953488,0.9023255813953488,0.902323869817946,0.02718830108642578,107.70261199999999
4400,Multiclass classification,Deep River Logistic,Hyperplane (limited 5000),0.9034090909090909,0.9034090909090909,0.9034048948097384,0.02718830108642578,112.52129
4500,Multiclass classification,Deep River Logistic,Hyperplane (limited 5000),0.9046666666666666,0.9046666666666666,0.90466214223796,0.02718830108642578,117.45701199999999
4600,Multiclass classification,Deep River Logistic,Hyperplane (limited 5000),0.9047826086956522,0.9047826086956522,0.9047790806615897,0.02718830108642578,122.493552
4700,Multiclass classification,Deep River Logistic,Hyperplane (limited 5000),0.9061702127659574,0.9061702127659576,0.9061700046324231,0.02718830108642578,127.62394599999999
4800,Multiclass classification,Deep River Logistic,Hyperplane (limited 5000),0.90625,0.90625,0.9062494140588379,0.02718830108642578,132.84995099999998
4900,Multiclass classification,Deep River Logistic,Hyperplane (limited 5000),0.9073469387755102,0.9073469387755102,0.9073447159748605,0.02718830108642578,138.17711899999998
5000,Multiclass classification,Deep River Logistic,Hyperplane (limited 5000),0.9084,0.9084,0.9083962479103144,0.02718830108642578,143.619084
100,Multiclass classification,Deep River Logistic,LED (limited 5000),0.06,0.06,0.03337890179995443,0.021401405334472656,0.14231
200,Multiclass classification,Deep River Logistic,LED (limited 5000),0.08,0.08,0.0482863283170798,0.021401405334472656,0.38591699999999995
300,Multiclass classification,Deep River Logistic,LED (limited 5000),0.11666666666666667,0.11666666666666667,0.09455461580045874,0.021561622619628906,0.7168699999999999
400,Multiclass classification,Deep River Logistic,LED (limited 5000),0.1625,0.1625,0.14354239789498993,0.021561622619628906,1.130115
500,Multiclass classification,Deep River Logistic,LED (limited 5000),0.188,0.188,0.17268580006521525,0.021561622619628906,1.621716
600,Multiclass classification,Deep River Logistic,LED (limited 5000),0.2,0.20000000000000004,0.18247811073478565,0.021561622619628906,2.231394
700,Multiclass classification,Deep River Logistic,LED (limited 5000),0.23714285714285716,0.23714285714285716,0.2139512620584079,0.021561622619628906,2.952861
800,Multiclass classification,Deep River Logistic,LED (limited 5000),0.25125,0.25125,0.22189170643162612,0.021561622619628906,3.817958
900,Multiclass classification,Deep River Logistic,LED (limited 5000),0.2633333333333333,0.2633333333333333,0.23130699076450603,0.021561622619628906,4.781273
1000,Multiclass classification,Deep River Logistic,LED (limited 5000),0.269,0.269,0.23640339003235916,0.021561622619628906,5.863128
1100,Multiclass classification,Deep River Logistic,LED (limited 5000),0.2818181818181818,0.2818181818181818,0.2486640760862831,0.021561622619628906,7.075474
1200,Multiclass classification,Deep River Logistic,LED (limited 5000),0.29,0.29,0.2558691459025367,0.021561622619628906,8.419756
1300,Multiclass classification,Deep River Logistic,LED (limited 5000),0.2946153846153846,0.2946153846153846,0.25630272816092126,0.021561622619628906,9.896339999999999
1400,Multiclass classification,Deep River Logistic,LED (limited 5000),0.3028571428571429,0.3028571428571429,0.2629105732494344,0.021561622619628906,11.490011999999998
1500,Multiclass classification,Deep River Logistic,LED (limited 5000),0.30933333333333335,0.30933333333333335,0.26939067526643606,0.021561622619628906,13.175072999999998
1600,Multiclass classification,Deep River Logistic,LED (limited 5000),0.316875,0.316875,0.27519400123232335,0.021561622619628906,14.952144999999998
1700,Multiclass classification,Deep River Logistic,LED (limited 5000),0.3247058823529412,0.3247058823529412,0.28076732109568175,0.021561622619628906,16.825506999999998
1800,Multiclass classification,Deep River Logistic,LED (limited 5000),0.3277777777777778,0.3277777777777778,0.28339517636335376,0.021561622619628906,18.792759999999998
1900,Multiclass classification,Deep River Logistic,LED (limited 5000),0.33473684210526317,0.33473684210526317,0.28890393986746665,0.021561622619628906,20.894834999999997
2000,Multiclass classification,Deep River Logistic,LED (limited 5000),0.3385,0.3385,0.2912018923635923,0.021561622619628906,23.105880999999997
2100,Multiclass classification,Deep River Logistic,LED (limited 5000),0.33666666666666667,0.33666666666666667,0.29088461739266136,0.021561622619628906,25.407974999999997
2200,Multiclass classification,Deep River Logistic,LED (limited 5000),0.3368181818181818,0.3368181818181818,0.290286203810907,0.021561622619628906,27.804123999999998
2300,Multiclass classification,Deep River Logistic,LED (limited 5000),0.3373913043478261,0.3373913043478261,0.29109593349475266,0.021561622619628906,30.290302999999998
2400,Multiclass classification,Deep River Logistic,LED (limited 5000),0.3416666666666667,0.3416666666666667,0.29492807257902326,0.021561622619628906,32.912489
2500,Multiclass classification,Deep River Logistic,LED (limited 5000),0.3392,0.3392,0.29324063580677434,0.021561622619628906,35.631895
2600,Multiclass classification,Deep River Logistic,LED (limited 5000),0.3415384615384615,0.3415384615384615,0.2957335166527545,0.021561622619628906,38.446031
2700,Multiclass classification,Deep River Logistic,LED (limited 5000),0.3411111111111111,0.3411111111111111,0.2948385775179131,0.021561622619628906,41.355138999999994
2800,Multiclass classification,Deep River Logistic,LED (limited 5000),0.3425,0.3425,0.296070938083459,0.021561622619628906,44.361031
2900,Multiclass classification,Deep River Logistic,LED (limited 5000),0.34379310344827585,0.34379310344827585,0.29761206203567253,0.021561622619628906,47.471948999999995
3000,Multiclass classification,Deep River Logistic,LED (limited 5000),0.3456666666666667,0.3456666666666667,0.2993825932313934,0.021561622619628906,50.678093
3100,Multiclass classification,Deep River Logistic,LED (limited 5000),0.34741935483870967,0.34741935483870967,0.30106222097642826,0.021561622619628906,53.976591
3200,Multiclass classification,Deep River Logistic,LED (limited 5000),0.3453125,0.3453125,0.30015252430648726,0.021561622619628906,57.373277
3300,Multiclass classification,Deep River Logistic,LED (limited 5000),0.3463636363636364,0.3463636363636364,0.3009438620861405,0.021561622619628906,60.859807
3400,Multiclass classification,Deep River Logistic,LED (limited 5000),0.34823529411764703,0.34823529411764703,0.3029926173045571,0.021561622619628906,64.43718100000001
3500,Multiclass classification,Deep River Logistic,LED (limited 5000),0.3474285714285714,0.3474285714285714,0.3025849065331215,0.021561622619628906,68.102349
3600,Multiclass classification,Deep River Logistic,LED (limited 5000),0.35055555555555556,0.35055555555555556,0.3057018804961585,0.021561622619628906,71.85470000000001
3700,Multiclass classification,Deep River Logistic,LED (limited 5000),0.3518918918918919,0.3518918918918919,0.3077397679941025,0.021561622619628906,75.69972800000001
3800,Multiclass classification,Deep River Logistic,LED (limited 5000),0.35236842105263155,0.35236842105263155,0.30884049177567313,0.021561622619628906,79.634994
3900,Multiclass classification,Deep River Logistic,LED (limited 5000),0.35384615384615387,0.35384615384615387,0.3096892705989724,0.021561622619628906,83.66176
4000,Multiclass classification,Deep River Logistic,LED (limited 5000),0.355,0.35500000000000004,0.31095638136990333,0.021561622619628906,87.77766
4100,Multiclass classification,Deep River Logistic,LED (limited 5000),0.3548780487804878,0.35487804878048773,0.31084914662440605,0.021561622619628906,91.98313399999999
4200,Multiclass classification,Deep River Logistic,LED (limited 5000),0.35523809523809524,0.3552380952380953,0.31137935003243294,0.021561622619628906,96.27846199999999
4300,Multiclass classification,Deep River Logistic,LED (limited 5000),0.3572093023255814,0.3572093023255814,0.3135026881876619,0.021561622619628906,100.66302699999999
4400,Multiclass classification,Deep River Logistic,LED (limited 5000),0.3577272727272727,0.3577272727272727,0.3140624659905501,0.021561622619628906,105.16449099999998
4500,Multiclass classification,Deep River Logistic,LED (limited 5000),0.35933333333333334,0.35933333333333334,0.31594601718922416,0.021561622619628906,109.75497999999999
4600,Multiclass classification,Deep River Logistic,LED (limited 5000),0.36,0.36,0.3165581317140433,0.021561622619628906,114.45196599999998
4700,Multiclass classification,Deep River Logistic,LED (limited 5000),0.36021276595744683,0.36021276595744683,0.316814305920492,0.021561622619628906,119.25247999999999
4800,Multiclass classification,Deep River Logistic,LED (limited 5000),0.36,0.36,0.3168060515569103,0.021561622619628906,124.15322199999999
4900,Multiclass classification,Deep River Logistic,LED (limited 5000),0.3606122448979592,0.3606122448979592,0.31742302739480516,0.021561622619628906,129.15909499999998
5000,Multiclass classification,Deep River Logistic,LED (limited 5000),0.3606,0.3606,0.3180099078735034,0.021561622619628906,134.25401499999998
100,Multiclass classification,Deep River Logistic,RandomRBF (limited 5000),0.35,0.35,0.17962604771115412,0.02019214630126953,0.135638
200,Multiclass classification,Deep River Logistic,RandomRBF (limited 5000),0.435,0.435,0.21619782590656378,0.02019214630126953,0.37297199999999997
300,Multiclass classification,Deep River Logistic,RandomRBF (limited 5000),0.43,0.42999999999999994,0.23225323704062334,0.020272254943847656,0.6984999999999999
400,Multiclass classification,Deep River Logistic,RandomRBF (limited 5000),0.4625,0.4625,0.24797257325321986,0.020272254943847656,1.109662
500,Multiclass classification,Deep River Logistic,RandomRBF (limited 5000),0.472,0.472,0.25466658715877377,0.020272254943847656,1.598857
600,Multiclass classification,Deep River Logistic,RandomRBF (limited 5000),0.49333333333333335,0.4933333333333334,0.2679320351802904,0.020272254943847656,2.201988
700,Multiclass classification,Deep River Logistic,RandomRBF (limited 5000),0.5042857142857143,0.5042857142857143,0.2776457962174512,0.020272254943847656,2.91634
800,Multiclass classification,Deep River Logistic,RandomRBF (limited 5000),0.51125,0.51125,0.2819486825316578,0.020272254943847656,3.772286
900,Multiclass classification,Deep River Logistic,RandomRBF (limited 5000),0.4922222222222222,0.4922222222222222,0.2742639452423982,0.020272254943847656,4.720143
1000,Multiclass classification,Deep River Logistic,RandomRBF (limited 5000),0.493,0.493,0.27699107776711196,0.020272254943847656,5.777945
1100,Multiclass classification,Deep River Logistic,RandomRBF (limited 5000),0.49363636363636365,0.49363636363636365,0.2791009791069842,0.020272254943847656,6.966281
1200,Multiclass classification,Deep River Logistic,RandomRBF (limited 5000),0.49333333333333335,0.4933333333333334,0.2818298185641721,0.020272254943847656,8.285199
1300,Multiclass classification,Deep River Logistic,RandomRBF (limited 5000),0.49615384615384617,0.49615384615384617,0.2883877940241576,0.020272254943847656,9.734696
1400,Multiclass classification,Deep River Logistic,RandomRBF (limited 5000),0.495,0.495,0.2874760352751687,0.020272254943847656,11.303002
1500,Multiclass classification,Deep River Logistic,RandomRBF (limited 5000),0.5006666666666667,0.5006666666666667,0.2928249131500596,0.020272254943847656,12.960887
1600,Multiclass classification,Deep River Logistic,RandomRBF (limited 5000),0.501875,0.501875,0.29600183198534413,0.020272254943847656,14.709545
1700,Multiclass classification,Deep River Logistic,RandomRBF (limited 5000),0.4970588235294118,0.4970588235294118,0.2960147654325805,0.020272254943847656,16.547703
1800,Multiclass classification,Deep River Logistic,RandomRBF (limited 5000),0.5005555555555555,0.5005555555555555,0.3008297127032043,0.020272254943847656,18.478828
1900,Multiclass classification,Deep River Logistic,RandomRBF (limited 5000),0.5021052631578947,0.5021052631578947,0.3010649139982416,0.020272254943847656,20.526244
2000,Multiclass classification,Deep River Logistic,RandomRBF (limited 5000),0.501,0.501,0.3011506958167175,0.020272254943847656,22.6953
2100,Multiclass classification,Deep River Logistic,RandomRBF (limited 5000),0.5,0.5,0.29935467586463693,0.020272254943847656,24.955835999999998
2200,Multiclass classification,Deep River Logistic,RandomRBF (limited 5000),0.5045454545454545,0.5045454545454545,0.3011540061080165,0.020272254943847656,27.309490999999998
2300,Multiclass classification,Deep River Logistic,RandomRBF (limited 5000),0.5065217391304347,0.5065217391304347,0.30261425806904785,0.020272254943847656,29.751163
2400,Multiclass classification,Deep River Logistic,RandomRBF (limited 5000),0.5066666666666667,0.5066666666666667,0.30325030006941417,0.020272254943847656,32.290330999999995
2500,Multiclass classification,Deep River Logistic,RandomRBF (limited 5000),0.506,0.506,0.3030595601341182,0.020272254943847656,34.96601999999999
2600,Multiclass classification,Deep River Logistic,RandomRBF (limited 5000),0.505,0.505,0.30243304333190957,0.020272254943847656,37.73341299999999
2700,Multiclass classification,Deep River Logistic,RandomRBF (limited 5000),0.5025925925925926,0.5025925925925926,0.30107024967190665,0.020272254943847656,40.59391399999999
2800,Multiclass classification,Deep River Logistic,RandomRBF (limited 5000),0.5042857142857143,0.5042857142857143,0.3033546167892144,0.020272254943847656,43.54852899999999
2900,Multiclass classification,Deep River Logistic,RandomRBF (limited 5000),0.5013793103448276,0.5013793103448276,0.3023044586485647,0.020272254943847656,46.609425999999985
3000,Multiclass classification,Deep River Logistic,RandomRBF (limited 5000),0.498,0.498,0.3000731090544419,0.020272254943847656,49.76252899999999
3100,Multiclass classification,Deep River Logistic,RandomRBF (limited 5000),0.4974193548387097,0.4974193548387097,0.30032726919629693,0.020272254943847656,53.00584099999999
3200,Multiclass classification,Deep River Logistic,RandomRBF (limited 5000),0.4971875,0.4971875,0.30047989011449316,0.020272254943847656,56.34164099999999
3300,Multiclass classification,Deep River Logistic,RandomRBF (limited 5000),0.49636363636363634,0.49636363636363634,0.3004364860563261,0.020272254943847656,59.77328199999999
3400,Multiclass classification,Deep River Logistic,RandomRBF (limited 5000),0.49676470588235294,0.49676470588235294,0.3004284625303024,0.020272254943847656,63.29673099999999
3500,Multiclass classification,Deep River Logistic,RandomRBF (limited 5000),0.5002857142857143,0.5002857142857143,0.30216342155709686,0.020272254943847656,66.90987099999998
3600,Multiclass classification,Deep River Logistic,RandomRBF (limited 5000),0.5,0.5,0.30196467967135465,0.020272254943847656,70.64285199999998
3700,Multiclass classification,Deep River Logistic,RandomRBF (limited 5000),0.4983783783783784,0.4983783783783784,0.3016153035459476,0.020272254943847656,74.46853099999997
3800,Multiclass classification,Deep River Logistic,RandomRBF (limited 5000),0.4986842105263158,0.4986842105263158,0.30183372613261933,0.020272254943847656,78.38166899999997
3900,Multiclass classification,Deep River Logistic,RandomRBF (limited 5000),0.5025641025641026,0.5025641025641026,0.303692834386518,0.020272254943847656,82.38515499999997
4000,Multiclass classification,Deep River Logistic,RandomRBF (limited 5000),0.504,0.504,0.30455796530685947,0.020272254943847656,86.47861799999997
4100,Multiclass classification,Deep River Logistic,RandomRBF (limited 5000),0.5058536585365854,0.5058536585365854,0.3062527906353192,0.020272254943847656,90.66084599999996
4200,Multiclass classification,Deep River Logistic,RandomRBF (limited 5000),0.5035714285714286,0.5035714285714286,0.30548864760764943,0.020272254943847656,94.94451299999996
4300,Multiclass classification,Deep River Logistic,RandomRBF (limited 5000),0.5032558139534884,0.5032558139534884,0.3061327899789348,0.020272254943847656,99.31577799999995
4400,Multiclass classification,Deep River Logistic,RandomRBF (limited 5000),0.5045454545454545,0.5045454545454545,0.3079059445901625,0.020272254943847656,103.79450399999995
4500,Multiclass classification,Deep River Logistic,RandomRBF (limited 5000),0.5037777777777778,0.5037777777777778,0.3089559039883985,0.020272254943847656,108.35946999999994
4600,Multiclass classification,Deep River Logistic,RandomRBF (limited 5000),0.5047826086956522,0.5047826086956522,0.3101596062418416,0.020272254943847656,113.01802399999994
4700,Multiclass classification,Deep River Logistic,RandomRBF (limited 5000),0.5048936170212766,0.5048936170212766,0.31057169882786906,0.020272254943847656,117.78226599999994
4800,Multiclass classification,Deep River Logistic,RandomRBF (limited 5000),0.5052083333333334,0.5052083333333334,0.31280521241277576,0.020272254943847656,122.63948999999994
4900,Multiclass classification,Deep River Logistic,RandomRBF (limited 5000),0.5053061224489795,0.5053061224489795,0.31268649666133197,0.020272254943847656,127.61228999999994
5000,Multiclass classification,Deep River Logistic,RandomRBF (limited 5000),0.5066,0.5066,0.3143955810973079,0.020272254943847656,132.67156299999994
100,Multiclass classification,Deep River MLP,Hyperplane (limited 5000),0.48,0.48,0.32432432432432434,0.048592567443847656,0.226841
200,Multiclass classification,Deep River MLP,Hyperplane (limited 5000),0.45,0.45,0.4270833333333333,0.048592567443847656,0.610988
300,Multiclass classification,Deep River MLP,Hyperplane (limited 5000),0.45666666666666667,0.45666666666666667,0.4549163424775111,0.04936695098876953,1.142014
400,Multiclass classification,Deep River MLP,Hyperplane (limited 5000),0.475,0.47500000000000003,0.47494749474947495,0.04936695098876953,1.916877
500,Multiclass classification,Deep River MLP,Hyperplane (limited 5000),0.49,0.49,0.4827984861207453,0.04936695098876953,2.900389
600,Multiclass classification,Deep River MLP,Hyperplane (limited 5000),0.5033333333333333,0.5033333333333333,0.48404820167136065,0.04936695098876953,4.127134
700,Multiclass classification,Deep River MLP,Hyperplane (limited 5000),0.4942857142857143,0.4942857142857143,0.4664082687338501,0.04936695098876953,5.607735
800,Multiclass classification,Deep River MLP,Hyperplane (limited 5000),0.4975,0.4975,0.45954666451560866,0.04936695098876953,7.292371
900,Multiclass classification,Deep River MLP,Hyperplane (limited 5000),0.5066666666666667,0.5066666666666667,0.4578754578754578,0.04936695098876953,9.162513
1000,Multiclass classification,Deep River MLP,Hyperplane (limited 5000),0.502,0.502,0.44675518583693274,0.04936695098876953,11.254273000000001
1100,Multiclass classification,Deep River MLP,Hyperplane (limited 5000),0.5009090909090909,0.5009090909090909,0.4627945889831526,0.04936695098876953,13.546763000000002
1200,Multiclass classification,Deep River MLP,Hyperplane (limited 5000),0.5008333333333334,0.5008333333333334,0.4794891346615484,0.04936695098876953,16.026103000000003
1300,Multiclass classification,Deep River MLP,Hyperplane (limited 5000),0.49846153846153846,0.49846153846153846,0.48394984158063803,0.04936695098876953,18.740519000000003
1400,Multiclass classification,Deep River MLP,Hyperplane (limited 5000),0.49714285714285716,0.49714285714285716,0.48085221143473567,0.04936695098876953,21.639245000000003
1500,Multiclass classification,Deep River MLP,Hyperplane (limited 5000),0.5026666666666667,0.5026666666666667,0.48136434085532703,0.04936695098876953,24.732092
1600,Multiclass classification,Deep River MLP,Hyperplane (limited 5000),0.498125,0.498125,0.47335434505210094,0.04936695098876953,28.010094000000002
1700,Multiclass classification,Deep River MLP,Hyperplane (limited 5000),0.4958823529411765,0.4958823529411765,0.46922205637561987,0.04936695098876953,31.473182
1800,Multiclass classification,Deep River MLP,Hyperplane (limited 5000),0.49666666666666665,0.49666666666666665,0.4659026598754952,0.04936695098876953,35.115368000000004
1900,Multiclass classification,Deep River MLP,Hyperplane (limited 5000),0.4963157894736842,0.4963157894736842,0.46182471699403216,0.04936695098876953,38.937724
2000,Multiclass classification,Deep River MLP,Hyperplane (limited 5000),0.494,0.494,0.46468848255053724,0.04936695098876953,42.936181000000005
2100,Multiclass classification,Deep River MLP,Hyperplane (limited 5000),0.4976190476190476,0.4976190476190476,0.47760935365740653,0.04936695098876953,47.11186500000001
2200,Multiclass classification,Deep River MLP,Hyperplane (limited 5000),0.49318181818181817,0.49318181818181817,0.4780156935762735,0.04936695098876953,51.46255400000001
2300,Multiclass classification,Deep River MLP,Hyperplane (limited 5000),0.49478260869565216,0.49478260869565216,0.48468238341049796,0.04936695098876953,56.00171900000001
2400,Multiclass classification,Deep River MLP,Hyperplane (limited 5000),0.49125,0.49125,0.48365898022648596,0.04936695098876953,60.73215600000001
2500,Multiclass classification,Deep River MLP,Hyperplane (limited 5000),0.4912,0.4912,0.4823986233756595,0.04936695098876953,65.66604500000001
2600,Multiclass classification,Deep River MLP,Hyperplane (limited 5000),0.49,0.49,0.48047767844226486,0.04936695098876953,70.77831100000002
2700,Multiclass classification,Deep River MLP,Hyperplane (limited 5000),0.49,0.49,0.48287164453882886,0.04936695098876953,76.06948500000001
2800,Multiclass classification,Deep River MLP,Hyperplane (limited 5000),0.49142857142857144,0.49142857142857144,0.4868669230959304,0.04936695098876953,81.53723300000001
2900,Multiclass classification,Deep River MLP,Hyperplane (limited 5000),0.49275862068965515,0.49275862068965515,0.490059086873567,0.04936695098876953,87.18067700000002
3000,Multiclass classification,Deep River MLP,Hyperplane (limited 5000),0.49366666666666664,0.49366666666666664,0.49224036986561925,0.04936695098876953,93.00227600000002
3100,Multiclass classification,Deep River MLP,Hyperplane (limited 5000),0.49548387096774194,0.49548387096774194,0.4949154011424305,0.04936695098876953,99.00373400000002
3200,Multiclass classification,Deep River MLP,Hyperplane (limited 5000),0.4965625,0.4965625,0.4964345924194221,0.04936695098876953,105.18604500000002
3300,Multiclass classification,Deep River MLP,Hyperplane (limited 5000),0.49757575757575756,0.49757575757575756,0.4975755730305135,0.04936695098876953,111.55798200000002
3400,Multiclass classification,Deep River MLP,Hyperplane (limited 5000),0.4961764705882353,0.4961764705882353,0.49610319632119515,0.04936695098876953,118.12784600000002
3500,Multiclass classification,Deep River MLP,Hyperplane (limited 5000),0.49685714285714283,0.49685714285714283,0.49650165247283573,0.04936695098876953,124.92706300000002
3600,Multiclass classification,Deep River MLP,Hyperplane (limited 5000),0.4986111111111111,0.4986111111111111,0.4977507379732828,0.04936695098876953,132.03997800000002
3700,Multiclass classification,Deep River MLP,Hyperplane (limited 5000),0.49945945945945946,0.49945945945945946,0.4979631034677793,0.04936695098876953,139.397014
3800,Multiclass classification,Deep River MLP,Hyperplane (limited 5000),0.4963157894736842,0.4963157894736842,0.4944637904789707,0.04936695098876953,146.991676
3900,Multiclass classification,Deep River MLP,Hyperplane (limited 5000),0.49564102564102563,0.49564102564102563,0.49364272878338084,0.04936695098876953,154.80539900000002
4000,Multiclass classification,Deep River MLP,Hyperplane (limited 5000),0.4985,0.4985,0.4974365757943809,0.04936695098876953,162.867565
4100,Multiclass classification,Deep River MLP,Hyperplane (limited 5000),0.4975609756097561,0.4975609756097561,0.4969911183139304,0.04936695098876953,171.14158
4200,Multiclass classification,Deep River MLP,Hyperplane (limited 5000),0.4992857142857143,0.4992857142857143,0.4990994099335927,0.04936695098876953,179.68761800000001
4300,Multiclass classification,Deep River MLP,Hyperplane (limited 5000),0.5,0.5,0.49997879845202736,0.04936695098876953,188.466688
4400,Multiclass classification,Deep River MLP,Hyperplane (limited 5000),0.5015909090909091,0.5015909090909091,0.50156925721825,0.04936695098876953,197.467995
4500,Multiclass classification,Deep River MLP,Hyperplane (limited 5000),0.502,0.502,0.5018385957050084,0.04936695098876953,206.698939
4600,Multiclass classification,Deep River MLP,Hyperplane (limited 5000),0.5021739130434782,0.5021739130434782,0.5017636450733345,0.04936695098876953,216.137338
4700,Multiclass classification,Deep River MLP,Hyperplane (limited 5000),0.49957446808510636,0.49957446808510636,0.4989792309160779,0.04936695098876953,225.822859
4800,Multiclass classification,Deep River MLP,Hyperplane (limited 5000),0.49833333333333335,0.49833333333333335,0.4977612520094504,0.04936695098876953,235.70089099999998
4900,Multiclass classification,Deep River MLP,Hyperplane (limited 5000),0.4995918367346939,0.4995918367346939,0.4985993934850472,0.04936695098876953,245.84197899999998
5000,Multiclass classification,Deep River MLP,Hyperplane (limited 5000),0.5004,0.5004,0.49891711535449546,0.04936695098876953,256.209593
100,Multiclass classification,Deep River MLP,LED (limited 5000),0.15,0.15,0.04938749194068343,0.043580055236816406,0.210899
200,Multiclass classification,Deep River MLP,LED (limited 5000),0.135,0.135,0.038594238947283956,0.043580055236816406,0.5730729999999999
300,Multiclass classification,Deep River MLP,LED (limited 5000),0.13,0.13,0.03327615780445969,0.043740272521972656,1.083543
400,Multiclass classification,Deep River MLP,LED (limited 5000),0.1275,0.1275,0.02937682472566194,0.043740272521972656,1.826525
500,Multiclass classification,Deep River MLP,LED (limited 5000),0.13,0.13,0.028328877005347596,0.043740272521972656,2.781137
600,Multiclass classification,Deep River MLP,LED (limited 5000),0.12,0.12,0.02541544477028348,0.043740272521972656,3.972135
700,Multiclass classification,Deep River MLP,LED (limited 5000),0.12428571428571429,0.12428571428571429,0.025226151858005644,0.043740272521972656,5.411236000000001
800,Multiclass classification,Deep River MLP,LED (limited 5000),0.12375,0.12375,0.024632429074342512,0.043740272521972656,7.056913000000001
900,Multiclass classification,Deep River MLP,LED (limited 5000),0.11888888888888889,0.11888888888888889,0.02349420817058656,0.043740272521972656,8.880074
1000,Multiclass classification,Deep River MLP,LED (limited 5000),0.115,0.115,0.022490698124022754,0.043740272521972656,10.895263
1100,Multiclass classification,Deep River MLP,LED (limited 5000),0.11090909090909092,0.11090909090909092,0.027656168565259476,0.043740272521972656,13.12848
1200,Multiclass classification,Deep River MLP,LED (limited 5000),0.11083333333333334,0.11083333333333334,0.03180807735277868,0.043740272521972656,15.53769
1300,Multiclass classification,Deep River MLP,LED (limited 5000),0.1176923076923077,0.1176923076923077,0.03726903395709331,0.043740272521972656,18.174456
1400,Multiclass classification,Deep River MLP,LED (limited 5000),0.11642857142857142,0.11642857142857142,0.03691834012689628,0.043740272521972656,20.991640999999998
1500,Multiclass classification,Deep River MLP,LED (limited 5000),0.114,0.114,0.035974854386370055,0.043740272521972656,23.995119
1600,Multiclass classification,Deep River MLP,LED (limited 5000),0.115625,0.115625,0.036695804419671615,0.043740272521972656,27.186915
1700,Multiclass classification,Deep River MLP,LED (limited 5000),0.11235294117647059,0.11235294117647059,0.03560230491778315,0.043740272521972656,30.556341
1800,Multiclass classification,Deep River MLP,LED (limited 5000),0.11,0.11,0.037247467093949084,0.043740272521972656,34.096357
1900,Multiclass classification,Deep River MLP,LED (limited 5000),0.11052631578947368,0.11052631578947368,0.044530580795803444,0.043740272521972656,37.801493
2000,Multiclass classification,Deep River MLP,LED (limited 5000),0.11,0.11,0.04490702536520472,0.043740272521972656,41.679892
2100,Multiclass classification,Deep River MLP,LED (limited 5000),0.11095238095238096,0.11095238095238096,0.04499754918106594,0.043740272521972656,45.732295
2200,Multiclass classification,Deep River MLP,LED (limited 5000),0.11181818181818182,0.11181818181818182,0.04485857308459228,0.043740272521972656,49.952258
2300,Multiclass classification,Deep River MLP,LED (limited 5000),0.11043478260869566,0.11043478260869566,0.04409156055124131,0.043740272521972656,54.342716
2400,Multiclass classification,Deep River MLP,LED (limited 5000),0.10916666666666666,0.10916666666666666,0.043290026066017215,0.043740272521972656,58.917989000000006
2500,Multiclass classification,Deep River MLP,LED (limited 5000),0.1084,0.10839999999999998,0.04273659094570762,0.043740272521972656,63.690174000000006
2600,Multiclass classification,Deep River MLP,LED (limited 5000),0.10576923076923077,0.10576923076923077,0.04272642976201675,0.043740272521972656,68.66375500000001
2700,Multiclass classification,Deep River MLP,LED (limited 5000),0.10629629629629629,0.10629629629629629,0.04249865882873019,0.043740272521972656,73.80746800000001
2800,Multiclass classification,Deep River MLP,LED (limited 5000),0.10535714285714286,0.10535714285714286,0.042775227805784403,0.043740272521972656,79.12296300000001
2900,Multiclass classification,Deep River MLP,LED (limited 5000),0.10586206896551724,0.10586206896551724,0.04264812027681119,0.043740272521972656,84.61137900000001
3000,Multiclass classification,Deep River MLP,LED (limited 5000),0.10466666666666667,0.10466666666666667,0.04207469494857036,0.043740272521972656,90.26300500000002
3100,Multiclass classification,Deep River MLP,LED (limited 5000),0.10419354838709677,0.10419354838709677,0.04232743847018605,0.043740272521972656,96.08727500000002
3200,Multiclass classification,Deep River MLP,LED (limited 5000),0.1046875,0.1046875,0.04703375892196513,0.043740272521972656,102.09360200000002
3300,Multiclass classification,Deep River MLP,LED (limited 5000),0.10393939393939394,0.10393939393939394,0.04853207085383904,0.043740272521972656,108.28359000000002
3400,Multiclass classification,Deep River MLP,LED (limited 5000),0.10352941176470588,0.1035294117647059,0.04972873857296853,0.043740272521972656,114.65447200000001
3500,Multiclass classification,Deep River MLP,LED (limited 5000),0.10371428571428572,0.10371428571428572,0.05088785643938867,0.043740272521972656,121.21390600000001
3600,Multiclass classification,Deep River MLP,LED (limited 5000),0.10333333333333333,0.10333333333333333,0.05210860593635603,0.043740272521972656,127.99085900000001
3700,Multiclass classification,Deep River MLP,LED (limited 5000),0.10270270270270271,0.10270270270270272,0.05324634635135672,0.043740272521972656,135.08084300000002
3800,Multiclass classification,Deep River MLP,LED (limited 5000),0.1018421052631579,0.1018421052631579,0.054563600086159576,0.043740272521972656,142.40811300000001
3900,Multiclass classification,Deep River MLP,LED (limited 5000),0.10256410256410256,0.10256410256410256,0.05463745861452551,0.043740272521972656,149.965469
4000,Multiclass classification,Deep River MLP,LED (limited 5000),0.10325,0.10325,0.0544164931829951,0.043740272521972656,157.74166000000002
4100,Multiclass classification,Deep River MLP,LED (limited 5000),0.10536585365853658,0.10536585365853657,0.054557682275039744,0.043740272521972656,165.755185
4200,Multiclass classification,Deep River MLP,LED (limited 5000),0.10547619047619047,0.10547619047619047,0.054161926013421076,0.043740272521972656,173.981897
4300,Multiclass classification,Deep River MLP,LED (limited 5000),0.1058139534883721,0.1058139534883721,0.053835741243159235,0.043740272521972656,182.482805
4400,Multiclass classification,Deep River MLP,LED (limited 5000),0.10545454545454545,0.10545454545454545,0.05331967009664311,0.043740272521972656,191.206525
4500,Multiclass classification,Deep River MLP,LED (limited 5000),0.10577777777777778,0.10577777777777776,0.05302353488348252,0.043740272521972656,200.136537
4600,Multiclass classification,Deep River MLP,LED (limited 5000),0.10608695652173913,0.10608695652173915,0.05271343324231932,0.043740272521972656,209.294468
4700,Multiclass classification,Deep River MLP,LED (limited 5000),0.10531914893617021,0.1053191489361702,0.052815761836174605,0.043740272521972656,218.65103299999998
4800,Multiclass classification,Deep River MLP,LED (limited 5000),0.10520833333333333,0.10520833333333333,0.05295541333441533,0.043740272521972656,228.21847799999998
4900,Multiclass classification,Deep River MLP,LED (limited 5000),0.10551020408163266,0.10551020408163266,0.05268080069365526,0.043740272521972656,238.00179799999998
5000,Multiclass classification,Deep River MLP,LED (limited 5000),0.1048,0.1048,0.05251651964455944,0.043740272521972656,248.03497799999997
100,Multiclass classification,Deep River MLP,RandomRBF (limited 5000),0.3,0.3,0.096,0.042397499084472656,0.300064
200,Multiclass classification,Deep River MLP,RandomRBF (limited 5000),0.305,0.305,0.15028849073792894,0.042397499084472656,0.795039
300,Multiclass classification,Deep River MLP,RandomRBF (limited 5000),0.29333333333333333,0.29333333333333333,0.14384976525821594,0.04247760772705078,1.533366
400,Multiclass classification,Deep River MLP,RandomRBF (limited 5000),0.3175,0.3175,0.14957423488744626,0.04247760772705078,2.5186960000000003
500,Multiclass classification,Deep River MLP,RandomRBF (limited 5000),0.328,0.328,0.1483630952380952,0.04247760772705078,3.6856910000000003
600,Multiclass classification,Deep River MLP,RandomRBF (limited 5000),0.3416666666666667,0.3416666666666667,0.14813474734872115,0.04247760772705078,5.031043
700,Multiclass classification,Deep River MLP,RandomRBF (limited 5000),0.34714285714285714,0.34714285714285714,0.14577777777777778,0.04247760772705078,6.597218000000001
800,Multiclass classification,Deep River MLP,RandomRBF (limited 5000),0.345,0.345,0.1422559625482381,0.04247760772705078,8.348821000000001
900,Multiclass classification,Deep River MLP,RandomRBF (limited 5000),0.3377777777777778,0.3377777777777778,0.1366059837575099,0.04247760772705078,10.277017
1000,Multiclass classification,Deep River MLP,RandomRBF (limited 5000),0.346,0.346,0.1362342624594906,0.04247760772705078,12.432950000000002
1100,Multiclass classification,Deep River MLP,RandomRBF (limited 5000),0.3481818181818182,0.3481818181818182,0.13449855042272102,0.04247760772705078,14.768496000000003
1200,Multiclass classification,Deep River MLP,RandomRBF (limited 5000),0.3458333333333333,0.3458333333333333,0.13189210278965008,0.04247760772705078,17.293025000000004
1300,Multiclass classification,Deep River MLP,RandomRBF (limited 5000),0.3384615384615385,0.3384615384615385,0.12816454167567085,0.04247760772705078,19.991624000000005
1400,Multiclass classification,Deep River MLP,RandomRBF (limited 5000),0.34214285714285714,0.34214285714285714,0.12728317134576056,0.04247760772705078,22.866211000000007
1500,Multiclass classification,Deep River MLP,RandomRBF (limited 5000),0.346,0.346,0.12691444029746685,0.04247760772705078,25.91759400000001
1600,Multiclass classification,Deep River MLP,RandomRBF (limited 5000),0.345,0.345,0.12535701366917837,0.04247760772705078,29.136111000000007
1700,Multiclass classification,Deep River MLP,RandomRBF (limited 5000),0.3423529411764706,0.3423529411764706,0.12366232123747445,0.04247760772705078,32.527012000000006
1800,Multiclass classification,Deep River MLP,RandomRBF (limited 5000),0.3438888888888889,0.3438888888888889,0.12317990735534312,0.04247760772705078,36.08953400000001
1900,Multiclass classification,Deep River MLP,RandomRBF (limited 5000),0.3473684210526316,0.3473684210526316,0.12314496314496312,0.04247760772705078,39.82404400000001
2000,Multiclass classification,Deep River MLP,RandomRBF (limited 5000),0.3485,0.3485,0.12259799633894515,0.04247760772705078,43.73976600000001
2100,Multiclass classification,Deep River MLP,RandomRBF (limited 5000),0.35333333333333333,0.35333333333333333,0.12309274645749302,0.04247760772705078,47.82236200000001
2200,Multiclass classification,Deep River MLP,RandomRBF (limited 5000),0.3577272727272727,0.3577272727272727,0.12353820322333531,0.04247760772705078,52.099316000000016
2300,Multiclass classification,Deep River MLP,RandomRBF (limited 5000),0.3565217391304348,0.3565217391304348,0.12260140195629543,0.04247760772705078,56.56919700000002
2400,Multiclass classification,Deep River MLP,RandomRBF (limited 5000),0.35375,0.35375,0.12140090264303718,0.04247760772705078,61.204794000000014
2500,Multiclass classification,Deep River MLP,RandomRBF (limited 5000),0.354,0.354,0.12083971647786049,0.04247760772705078,66.01596200000002
2600,Multiclass classification,Deep River MLP,RandomRBF (limited 5000),0.3553846153846154,0.35538461538461535,0.12063517684153693,0.04247760772705078,70.99689800000002
2700,Multiclass classification,Deep River MLP,RandomRBF (limited 5000),0.35333333333333333,0.35333333333333333,0.1196152553329024,0.04247760772705078,76.14072900000002
2800,Multiclass classification,Deep River MLP,RandomRBF (limited 5000),0.3517857142857143,0.3517857142857143,0.11883036362045989,0.04247760772705078,81.46114700000003
2900,Multiclass classification,Deep River MLP,RandomRBF (limited 5000),0.3472413793103448,0.3472413793103448,0.1172328030390731,0.04247760772705078,86.94845100000002
3000,Multiclass classification,Deep River MLP,RandomRBF (limited 5000),0.3486666666666667,0.3486666666666667,0.11723642881565785,0.04247760772705078,92.61980200000002
3100,Multiclass classification,Deep River MLP,RandomRBF (limited 5000),0.34774193548387095,0.34774193548387095,0.11658065446158283,0.04247760772705078,98.47696800000003
3200,Multiclass classification,Deep River MLP,RandomRBF (limited 5000),0.3484375,0.3484375,0.11637238898853634,0.04247760772705078,104.51905200000003
3300,Multiclass classification,Deep River MLP,RandomRBF (limited 5000),0.3472727272727273,0.3472727272727273,0.11586215239664185,0.04247760772705078,110.80077900000003
3400,Multiclass classification,Deep River MLP,RandomRBF (limited 5000),0.3488235294117647,0.3488235294117647,0.11596358169625513,0.04247760772705078,117.37879600000004
3500,Multiclass classification,Deep River MLP,RandomRBF (limited 5000),0.3494285714285714,0.3494285714285714,0.11585998808759732,0.04247760772705078,124.19421500000004
3600,Multiclass classification,Deep River MLP,RandomRBF (limited 5000),0.3491666666666667,0.3491666666666667,0.11551398541347022,0.04247760772705078,131.23335700000004
3700,Multiclass classification,Deep River MLP,RandomRBF (limited 5000),0.34945945945945944,0.34945945945945944,0.11527439508847959,0.04247760772705078,138.48010500000004
3800,Multiclass classification,Deep River MLP,RandomRBF (limited 5000),0.35,0.35,0.11515590169799379,0.04247760772705078,145.96475600000005
3900,Multiclass classification,Deep River MLP,RandomRBF (limited 5000),0.35102564102564104,0.35102564102564104,0.11517511261427726,0.04247760772705078,153.65812400000004
4000,Multiclass classification,Deep River MLP,RandomRBF (limited 5000),0.35175,0.35175,0.11501317520293355,0.04247760772705078,161.62059100000005
4100,Multiclass classification,Deep River MLP,RandomRBF (limited 5000),0.35073170731707315,0.35073170731707315,0.11453116393122198,0.04247760772705078,169.82815500000004
4200,Multiclass classification,Deep River MLP,RandomRBF (limited 5000),0.35,0.35,0.11409152052778986,0.04247760772705078,178.23971500000005
4300,Multiclass classification,Deep River MLP,RandomRBF (limited 5000),0.35,0.35,0.11386159431161472,0.04247760772705078,186.87605500000004
4400,Multiclass classification,Deep River MLP,RandomRBF (limited 5000),0.3502272727272727,0.3502272727272727,0.11373840335992418,0.04247760772705078,195.70900300000002
4500,Multiclass classification,Deep River MLP,RandomRBF (limited 5000),0.34955555555555556,0.34955555555555556,0.11341962800769434,0.04247760772705078,204.76921800000002
4600,Multiclass classification,Deep River MLP,RandomRBF (limited 5000),0.3493478260869565,0.3493478260869565,0.11319609976787397,0.04247760772705078,214.027711
4700,Multiclass classification,Deep River MLP,RandomRBF (limited 5000),0.35,0.35,0.1131645394553737,0.04247760772705078,223.54185900000002
4800,Multiclass classification,Deep River MLP,RandomRBF (limited 5000),0.3485416666666667,0.3485416666666667,0.11263361597583985,0.04247760772705078,233.240655
4900,Multiclass classification,Deep River MLP,RandomRBF (limited 5000),0.3491836734693878,0.3491836734693878,0.11260722546884971,0.04247760772705078,243.218319
5000,Multiclass classification,Deep River MLP,RandomRBF (limited 5000),0.3482,0.3482,0.11221055554633522,0.04247760772705078,253.448137
100,Multiclass classification,Deep River LSTM,Hyperplane (limited 5000),0.55,0.55,0.4357366771159874,0.047931671142578125,0.62298
200,Multiclass classification,Deep River LSTM,Hyperplane (limited 5000),0.6,0.6,0.5143273433705683,0.047428131103515625,1.8777050000000002
300,Multiclass classification,Deep River LSTM,Hyperplane (limited 5000),0.63,0.63,0.5760715967969854,0.0482025146484375,3.84534
400,Multiclass classification,Deep River LSTM,Hyperplane (limited 5000),0.68,0.68,0.6577448594882216,0.0482025146484375,6.434016
500,Multiclass classification,Deep River LSTM,Hyperplane (limited 5000),0.7,0.7,0.690854231587278,0.0482025146484375,9.514781
600,Multiclass classification,Deep River LSTM,Hyperplane (limited 5000),0.7316666666666667,0.7316666666666667,0.7276349067163652,0.0482025146484375,13.079393
700,Multiclass classification,Deep River LSTM,Hyperplane (limited 5000),0.7457142857142857,0.7457142857142857,0.7414401328076365,0.0482025146484375,17.129773999999998
800,Multiclass classification,Deep River LSTM,Hyperplane (limited 5000),0.76,0.76,0.7574517272089895,0.0482025146484375,21.726349999999996
900,Multiclass classification,Deep River LSTM,Hyperplane (limited 5000),0.7722222222222223,0.7722222222222223,0.7710278924017251,0.0482025146484375,26.960536999999995
1000,Multiclass classification,Deep River LSTM,Hyperplane (limited 5000),0.782,0.782,0.7809265400462264,0.0487060546875,32.88005
1100,Multiclass classification,Deep River LSTM,Hyperplane (limited 5000),0.7881818181818182,0.7881818181818182,0.786786059818032,0.0482025146484375,39.605875
1200,Multiclass classification,Deep River LSTM,Hyperplane (limited 5000),0.8,0.8000000000000002,0.7987652009133824,0.0482025146484375,47.15972
1300,Multiclass classification,Deep River LSTM,Hyperplane (limited 5000),0.8076923076923077,0.8076923076923077,0.8067243282332344,0.0482025146484375,55.55176
1400,Multiclass classification,Deep River LSTM,Hyperplane (limited 5000),0.8135714285714286,0.8135714285714286,0.8128486999028391,0.0482025146484375,64.668545
1500,Multiclass classification,Deep River LSTM,Hyperplane (limited 5000),0.82,0.82,0.81965084403405,0.0482025146484375,74.65724399999999
1600,Multiclass classification,Deep River LSTM,Hyperplane (limited 5000),0.823125,0.823125,0.8227355028137999,0.0482025146484375,85.46990199999999
1700,Multiclass classification,Deep River LSTM,Hyperplane (limited 5000),0.8288235294117647,0.8288235294117647,0.8285572295513688,0.0487060546875,96.760195
1800,Multiclass classification,Deep River LSTM,Hyperplane (limited 5000),0.8338888888888889,0.8338888888888889,0.833658423661672,0.0482025146484375,108.42320099999999
1900,Multiclass classification,Deep River LSTM,Hyperplane (limited 5000),0.8394736842105263,0.8394736842105263,0.839249211988264,0.0482025146484375,120.62615199999999
2000,Multiclass classification,Deep River LSTM,Hyperplane (limited 5000),0.8445,0.8445,0.8442317280937094,0.0482025146484375,133.552119
2100,Multiclass classification,Deep River LSTM,Hyperplane (limited 5000),0.8504761904761905,0.8504761904761905,0.8501498501498501,0.0482025146484375,147.162703
2200,Multiclass classification,Deep River LSTM,Hyperplane (limited 5000),0.8518181818181818,0.8518181818181818,0.8516120329151491,0.0482025146484375,161.479816
2300,Multiclass classification,Deep River LSTM,Hyperplane (limited 5000),0.8539130434782609,0.8539130434782609,0.8536789297658863,0.0482025146484375,176.29915
2400,Multiclass classification,Deep River LSTM,Hyperplane (limited 5000),0.8558333333333333,0.8558333333333333,0.8556392483227451,0.0482025146484375,191.889433
2500,Multiclass classification,Deep River LSTM,Hyperplane (limited 5000),0.8584,0.8584,0.8582474969871586,0.0482025146484375,208.03324
2600,Multiclass classification,Deep River LSTM,Hyperplane (limited 5000),0.8607692307692307,0.8607692307692307,0.8606095503488019,0.0487060546875,224.64039300000002
2700,Multiclass classification,Deep River LSTM,Hyperplane (limited 5000),0.8611111111111112,0.8611111111111112,0.8609389539175727,0.0482025146484375,242.11584900000003
2800,Multiclass classification,Deep River LSTM,Hyperplane (limited 5000),0.8628571428571429,0.8628571428571429,0.8626889368047287,0.0482025146484375,259.954851
2900,Multiclass classification,Deep River LSTM,Hyperplane (limited 5000),0.8644827586206897,0.8644827586206897,0.8643048705347973,0.0482025146484375,278.18104
3000,Multiclass classification,Deep River LSTM,Hyperplane (limited 5000),0.867,0.867,0.8668176733948776,0.0482025146484375,297.060875
3100,Multiclass classification,Deep River LSTM,Hyperplane (limited 5000),0.867741935483871,0.867741935483871,0.8675299834574028,0.0482025146484375,316.48404800000003
3200,Multiclass classification,Deep River LSTM,Hyperplane (limited 5000),0.86875,0.86875,0.8685461952535004,0.0482025146484375,336.469239
3300,Multiclass classification,Deep River LSTM,Hyperplane (limited 5000),0.87,0.87,0.8697820733044972,0.0487060546875,356.987564
3400,Multiclass classification,Deep River LSTM,Hyperplane (limited 5000),0.8702941176470588,0.8702941176470588,0.8701012809760234,0.0482025146484375,378.00631100000004
3500,Multiclass classification,Deep River LSTM,Hyperplane (limited 5000),0.8722857142857143,0.8722857142857143,0.8721010281703924,0.0482025146484375,399.504992
3600,Multiclass classification,Deep River LSTM,Hyperplane (limited 5000),0.8736111111111111,0.8736111111111111,0.8733883586393005,0.0482025146484375,421.48706200000004
3700,Multiclass classification,Deep River LSTM,Hyperplane (limited 5000),0.8751351351351352,0.8751351351351352,0.8749070254919196,0.0482025146484375,444.03751900000003
3800,Multiclass classification,Deep River LSTM,Hyperplane (limited 5000),0.8771052631578947,0.8771052631578947,0.8769358283381712,0.0482025146484375,467.082755
3900,Multiclass classification,Deep River LSTM,Hyperplane (limited 5000),0.8789743589743589,0.8789743589743589,0.8788226363107101,0.0482025146484375,490.574359
4000,Multiclass classification,Deep River LSTM,Hyperplane (limited 5000),0.87975,0.87975,0.8796539563355279,0.0482025146484375,514.418053
4100,Multiclass classification,Deep River LSTM,Hyperplane (limited 5000),0.8802439024390244,0.8802439024390244,0.8801395075865899,0.0482025146484375,538.739972
4200,Multiclass classification,Deep River LSTM,Hyperplane (limited 5000),0.8809523809523809,0.8809523809523809,0.8808615007003076,0.0487060546875,563.610182
4300,Multiclass classification,Deep River LSTM,Hyperplane (limited 5000),0.8816279069767442,0.8816279069767441,0.881548975929282,0.0482025146484375,589.0378010000001
4400,Multiclass classification,Deep River LSTM,Hyperplane (limited 5000),0.8831818181818182,0.8831818181818182,0.8831214470284239,0.0482025146484375,615.0759650000001
4500,Multiclass classification,Deep River LSTM,Hyperplane (limited 5000),0.8842222222222222,0.8842222222222222,0.884170599489402,0.0482025146484375,641.6142010000001
4600,Multiclass classification,Deep River LSTM,Hyperplane (limited 5000),0.8845652173913043,0.8845652173913043,0.8845138653572375,0.0482025146484375,668.6564370000001
4700,Multiclass classification,Deep River LSTM,Hyperplane (limited 5000),0.8861702127659574,0.8861702127659574,0.8860996295984416,0.0482025146484375,696.2605750000001
4800,Multiclass classification,Deep River LSTM,Hyperplane (limited 5000),0.8864583333333333,0.8864583333333333,0.8863975826656261,0.0482025146484375,724.2844150000001
4900,Multiclass classification,Deep River LSTM,Hyperplane (limited 5000),0.8873469387755102,0.8873469387755102,0.887301859519318,0.0487060546875,752.7252490000001
5000,Multiclass classification,Deep River LSTM,Hyperplane (limited 5000),0.8882,0.8882,0.8881629550972465,0.0482025146484375,781.5319890000001
100,Multiclass classification,Deep River LSTM,LED (limited 5000),0.08,0.08,0.025362318840579712,0.035823822021484375,0.694673
200,Multiclass classification,Deep River LSTM,LED (limited 5000),0.12,0.12,0.05470620180297601,0.035320281982421875,2.10696
300,Multiclass classification,Deep River LSTM,LED (limited 5000),0.12666666666666668,0.12666666666666668,0.07108830120639804,0.035480499267578125,4.097563
400,Multiclass classification,Deep River LSTM,LED (limited 5000),0.165,0.165,0.14255478904290747,0.035480499267578125,6.565973
500,Multiclass classification,Deep River LSTM,LED (limited 5000),0.188,0.188,0.15945826288506787,0.035480499267578125,9.501863
600,Multiclass classification,Deep River LSTM,LED (limited 5000),0.19833333333333333,0.19833333333333333,0.17268156808002103,0.035480499267578125,12.903705
700,Multiclass classification,Deep River LSTM,LED (limited 5000),0.20714285714285716,0.20714285714285716,0.17659718751675205,0.035480499267578125,16.826656
800,Multiclass classification,Deep River LSTM,LED (limited 5000),0.215,0.21499999999999997,0.18530926092778707,0.035480499267578125,21.346215
900,Multiclass classification,Deep River LSTM,LED (limited 5000),0.2222222222222222,0.2222222222222222,0.19826185514281539,0.035480499267578125,26.539640000000002
1000,Multiclass classification,Deep River LSTM,LED (limited 5000),0.225,0.225,0.20354034894533357,0.035984039306640625,32.500183
1100,Multiclass classification,Deep River LSTM,LED (limited 5000),0.2290909090909091,0.22909090909090912,0.2086387987291422,0.035480499267578125,39.168573
1200,Multiclass classification,Deep River LSTM,LED (limited 5000),0.23666666666666666,0.23666666666666666,0.21732011834114692,0.035480499267578125,46.736713
1300,Multiclass classification,Deep River LSTM,LED (limited 5000),0.24769230769230768,0.24769230769230768,0.22678944641747673,0.035480499267578125,54.966039
1400,Multiclass classification,Deep River LSTM,LED (limited 5000),0.25785714285714284,0.25785714285714284,0.2377118950450771,0.035480499267578125,64.00021000000001
1500,Multiclass classification,Deep River LSTM,LED (limited 5000),0.2693333333333333,0.2693333333333333,0.2517311402761727,0.035480499267578125,73.936986
1600,Multiclass classification,Deep River LSTM,LED (limited 5000),0.276875,0.276875,0.2597070617236372,0.035480499267578125,84.432744
1700,Multiclass classification,Deep River LSTM,LED (limited 5000),0.2847058823529412,0.2847058823529412,0.2648540671350173,0.035984039306640625,95.304376
1800,Multiclass classification,Deep River LSTM,LED (limited 5000),0.2877777777777778,0.2877777777777778,0.26790660841311176,0.035480499267578125,106.56893600000001
1900,Multiclass classification,Deep River LSTM,LED (limited 5000),0.2963157894736842,0.2963157894736842,0.2753585054975656,0.035480499267578125,118.444393
2000,Multiclass classification,Deep River LSTM,LED (limited 5000),0.3,0.3,0.27782248208699206,0.035480499267578125,131.03930300000002
2100,Multiclass classification,Deep River LSTM,LED (limited 5000),0.2966666666666667,0.2966666666666667,0.27645542738471857,0.035480499267578125,144.27868600000002
2200,Multiclass classification,Deep River LSTM,LED (limited 5000),0.29954545454545456,0.29954545454545456,0.2793493208048904,0.035480499267578125,158.17742300000003
2300,Multiclass classification,Deep River LSTM,LED (limited 5000),0.3017391304347826,0.3017391304347826,0.282601515588193,0.035480499267578125,172.54962800000004
2400,Multiclass classification,Deep River LSTM,LED (limited 5000),0.3070833333333333,0.3070833333333333,0.2888344226118386,0.035480499267578125,187.65464500000004
2500,Multiclass classification,Deep River LSTM,LED (limited 5000),0.3052,0.3052,0.28796799239117954,0.035480499267578125,203.31795500000004
2600,Multiclass classification,Deep River LSTM,LED (limited 5000),0.30923076923076925,0.30923076923076925,0.29303087966016916,0.035984039306640625,219.41571800000003
2700,Multiclass classification,Deep River LSTM,LED (limited 5000),0.3085185185185185,0.3085185185185185,0.29209637229698227,0.035480499267578125,236.34888700000002
2800,Multiclass classification,Deep River LSTM,LED (limited 5000),0.30857142857142855,0.30857142857142855,0.29242858413685713,0.035480499267578125,253.613006
2900,Multiclass classification,Deep River LSTM,LED (limited 5000),0.3120689655172414,0.3120689655172414,0.29631409511040896,0.035480499267578125,271.264181
3000,Multiclass classification,Deep River LSTM,LED (limited 5000),0.315,0.315,0.3001256927718791,0.035480499267578125,289.564721
3100,Multiclass classification,Deep River LSTM,LED (limited 5000),0.317741935483871,0.317741935483871,0.30304526801712234,0.035480499267578125,308.377064
3200,Multiclass classification,Deep River LSTM,LED (limited 5000),0.318125,0.318125,0.304506090049932,0.035480499267578125,327.74480900000003
3300,Multiclass classification,Deep River LSTM,LED (limited 5000),0.3203030303030303,0.3203030303030303,0.3067565915201614,0.035984039306640625,347.63624100000004
3400,Multiclass classification,Deep River LSTM,LED (limited 5000),0.32294117647058823,0.32294117647058823,0.3096180985966941,0.035480499267578125,368.01130100000006
3500,Multiclass classification,Deep River LSTM,LED (limited 5000),0.32285714285714284,0.32285714285714284,0.30987877750100373,0.035480499267578125,388.84148100000004
3600,Multiclass classification,Deep River LSTM,LED (limited 5000),0.3258333333333333,0.3258333333333333,0.31281785307095167,0.035480499267578125,410.154259
3700,Multiclass classification,Deep River LSTM,LED (limited 5000),0.3262162162162162,0.3262162162162162,0.3137905657901637,0.035480499267578125,431.998936
3800,Multiclass classification,Deep River LSTM,LED (limited 5000),0.3263157894736842,0.3263157894736842,0.3143896959702396,0.035480499267578125,454.314337
3900,Multiclass classification,Deep River LSTM,LED (limited 5000),0.32769230769230767,0.32769230769230767,0.31552072417055715,0.035480499267578125,477.076608
4000,Multiclass classification,Deep River LSTM,LED (limited 5000),0.33,0.33,0.3176974281852196,0.035480499267578125,500.205484
4100,Multiclass classification,Deep River LSTM,LED (limited 5000),0.33,0.33,0.3178311866474895,0.035480499267578125,523.698794
4200,Multiclass classification,Deep River LSTM,LED (limited 5000),0.3304761904761905,0.3304761904761905,0.31861815456983417,0.035984039306640625,547.7321420000001
4300,Multiclass classification,Deep River LSTM,LED (limited 5000),0.3316279069767442,0.3316279069767442,0.32011875565772185,0.035480499267578125,572.309973
4400,Multiclass classification,Deep River LSTM,LED (limited 5000),0.33340909090909093,0.33340909090909093,0.3222649646825189,0.035480499267578125,597.366358
4500,Multiclass classification,Deep River LSTM,LED (limited 5000),0.33444444444444443,0.33444444444444443,0.32401646385944005,0.035480499267578125,623.068154
4600,Multiclass classification,Deep River LSTM,LED (limited 5000),0.33543478260869564,0.33543478260869564,0.32509597208126756,0.035480499267578125,649.2327740000001
4700,Multiclass classification,Deep River LSTM,LED (limited 5000),0.33680851063829786,0.33680851063829786,0.3267622283870992,0.035480499267578125,675.9571050000001
4800,Multiclass classification,Deep River LSTM,LED (limited 5000),0.33770833333333333,0.33770833333333333,0.3279205194288132,0.035480499267578125,703.1333750000001
4900,Multiclass classification,Deep River LSTM,LED (limited 5000),0.33816326530612245,0.33816326530612245,0.3282647807669872,0.035984039306640625,730.6983480000001
5000,Multiclass classification,Deep River LSTM,LED (limited 5000),0.338,0.338,0.3285508722770883,0.035480499267578125,758.6559060000001
100,Multiclass classification,Deep River LSTM,RandomRBF (limited 5000),0.28,0.28,0.11111111111111112,0.03362274169921875,0.627158
200,Multiclass classification,Deep River LSTM,RandomRBF (limited 5000),0.33,0.33,0.20096297145477474,0.03311920166015625,1.903924
300,Multiclass classification,Deep River LSTM,RandomRBF (limited 5000),0.3233333333333333,0.3233333333333333,0.20299689001979082,0.033199310302734375,3.933624
400,Multiclass classification,Deep River LSTM,RandomRBF (limited 5000),0.3725,0.3725,0.22764107708345627,0.033199310302734375,6.668808
500,Multiclass classification,Deep River LSTM,RandomRBF (limited 5000),0.384,0.384,0.23158521666344728,0.033199310302734375,10.296285000000001
600,Multiclass classification,Deep River LSTM,RandomRBF (limited 5000),0.4033333333333333,0.40333333333333327,0.24098850512827416,0.033199310302734375,14.597422000000002
700,Multiclass classification,Deep River LSTM,RandomRBF (limited 5000),0.42,0.41999999999999993,0.25221465996867065,0.033199310302734375,19.687527000000003
800,Multiclass classification,Deep River LSTM,RandomRBF (limited 5000),0.43875,0.43875,0.26749377539171737,0.033199310302734375,25.641467000000002
900,Multiclass classification,Deep River LSTM,RandomRBF (limited 5000),0.4266666666666667,0.42666666666666675,0.26636645426538114,0.033199310302734375,32.194011
1000,Multiclass classification,Deep River LSTM,RandomRBF (limited 5000),0.431,0.43099999999999994,0.2744955349079684,0.033702850341796875,39.155744000000006
1100,Multiclass classification,Deep River LSTM,RandomRBF (limited 5000),0.4354545454545454,0.4354545454545454,0.2840071659731854,0.033199310302734375,46.48100900000001
1200,Multiclass classification,Deep River LSTM,RandomRBF (limited 5000),0.4375,0.4375,0.29166139210922015,0.033199310302734375,54.33553700000001
1300,Multiclass classification,Deep River LSTM,RandomRBF (limited 5000),0.4376923076923077,0.4376923076923077,0.30268995536457266,0.033199310302734375,62.89208500000001
1400,Multiclass classification,Deep River LSTM,RandomRBF (limited 5000),0.44285714285714284,0.44285714285714284,0.31189548131685463,0.033199310302734375,72.11107500000001
1500,Multiclass classification,Deep River LSTM,RandomRBF (limited 5000),0.446,0.446,0.316477428489364,0.033199310302734375,82.00690300000001
1600,Multiclass classification,Deep River LSTM,RandomRBF (limited 5000),0.45,0.45,0.3224415240281555,0.033199310302734375,92.369364
1700,Multiclass classification,Deep River LSTM,RandomRBF (limited 5000),0.45,0.45,0.33038043390831556,0.033702850341796875,103.47557
1800,Multiclass classification,Deep River LSTM,RandomRBF (limited 5000),0.4572222222222222,0.4572222222222222,0.34919549367946784,0.033199310302734375,115.129858
1900,Multiclass classification,Deep River LSTM,RandomRBF (limited 5000),0.46157894736842103,0.46157894736842103,0.3507113566503217,0.033199310302734375,127.189171
2000,Multiclass classification,Deep River LSTM,RandomRBF (limited 5000),0.4625,0.4625,0.3561790977406471,0.033199310302734375,140.12249500000001
2100,Multiclass classification,Deep River LSTM,RandomRBF (limited 5000),0.46476190476190476,0.4647619047619048,0.3570778653980785,0.033199310302734375,153.41876900000003
2200,Multiclass classification,Deep River LSTM,RandomRBF (limited 5000),0.4709090909090909,0.4709090909090909,0.3601995533205204,0.033199310302734375,167.04039600000002
2300,Multiclass classification,Deep River LSTM,RandomRBF (limited 5000),0.47304347826086957,0.47304347826086957,0.36451323839476213,0.033199310302734375,181.062094
2400,Multiclass classification,Deep River LSTM,RandomRBF (limited 5000),0.4766666666666667,0.4766666666666667,0.36769627978456804,0.033199310302734375,195.830778
2500,Multiclass classification,Deep River LSTM,RandomRBF (limited 5000),0.4804,0.4804,0.37737550395259434,0.033199310302734375,211.132923
2600,Multiclass classification,Deep River LSTM,RandomRBF (limited 5000),0.4819230769230769,0.4819230769230769,0.37967464038391824,0.033702850341796875,226.932043
2700,Multiclass classification,Deep River LSTM,RandomRBF (limited 5000),0.482962962962963,0.482962962962963,0.3886968998671855,0.033199310302734375,243.23829899999998
2800,Multiclass classification,Deep River LSTM,RandomRBF (limited 5000),0.4878571428571429,0.4878571428571429,0.39947355452444544,0.033199310302734375,259.98906
2900,Multiclass classification,Deep River LSTM,RandomRBF (limited 5000),0.48724137931034484,0.48724137931034484,0.403526367546672,0.033199310302734375,277.182035
3000,Multiclass classification,Deep River LSTM,RandomRBF (limited 5000),0.487,0.487,0.4041615693463534,0.033199310302734375,294.827455
3100,Multiclass classification,Deep River LSTM,RandomRBF (limited 5000),0.4874193548387097,0.4874193548387097,0.4063564491133783,0.033199310302734375,313.02292
3200,Multiclass classification,Deep River LSTM,RandomRBF (limited 5000),0.490625,0.490625,0.41479255677132576,0.033199310302734375,331.685795
3300,Multiclass classification,Deep River LSTM,RandomRBF (limited 5000),0.4954545454545455,0.4954545454545455,0.42584023776317637,0.033702850341796875,350.77964699999995
3400,Multiclass classification,Deep River LSTM,RandomRBF (limited 5000),0.4985294117647059,0.4985294117647059,0.4288211453200751,0.033199310302734375,370.19944
3500,Multiclass classification,Deep River LSTM,RandomRBF (limited 5000),0.5017142857142857,0.5017142857142857,0.43156568414038454,0.033199310302734375,390.08575199999996
3600,Multiclass classification,Deep River LSTM,RandomRBF (limited 5000),0.5038888888888889,0.5038888888888889,0.43568406447410557,0.033199310302734375,410.480647
3700,Multiclass classification,Deep River LSTM,RandomRBF (limited 5000),0.5051351351351351,0.5051351351351351,0.43938239501479204,0.033199310302734375,431.38826
3800,Multiclass classification,Deep River LSTM,RandomRBF (limited 5000),0.508421052631579,0.508421052631579,0.4448233768872883,0.033199310302734375,452.901399
3900,Multiclass classification,Deep River LSTM,RandomRBF (limited 5000),0.5133333333333333,0.5133333333333333,0.4498224823862139,0.033199310302734375,474.914038
4000,Multiclass classification,Deep River LSTM,RandomRBF (limited 5000),0.516,0.516,0.45376592380086306,0.033199310302734375,497.393284
4100,Multiclass classification,Deep River LSTM,RandomRBF (limited 5000),0.5192682926829268,0.5192682926829268,0.45992285167879554,0.033199310302734375,520.409668
4200,Multiclass classification,Deep River LSTM,RandomRBF (limited 5000),0.5207142857142857,0.5207142857142857,0.46420413793897985,0.033702850341796875,543.85415
4300,Multiclass classification,Deep River LSTM,RandomRBF (limited 5000),0.522093023255814,0.522093023255814,0.4655300437302241,0.033199310302734375,567.688238
4400,Multiclass classification,Deep River LSTM,RandomRBF (limited 5000),0.5259090909090909,0.5259090909090909,0.4702646074803364,0.033199310302734375,591.898254
4500,Multiclass classification,Deep River LSTM,RandomRBF (limited 5000),0.5266666666666666,0.5266666666666666,0.4722120794153281,0.033199310302734375,616.393689
4600,Multiclass classification,Deep River LSTM,RandomRBF (limited 5000),0.5289130434782608,0.5289130434782608,0.47621162276068635,0.033199310302734375,641.10267
4700,Multiclass classification,Deep River LSTM,RandomRBF (limited 5000),0.5314893617021277,0.5314893617021277,0.48034372337899167,0.033199310302734375,666.01606
4800,Multiclass classification,Deep River LSTM,RandomRBF (limited 5000),0.5341666666666667,0.5341666666666667,0.48554807907328873,0.033199310302734375,691.145313
4900,Multiclass classification,Deep River LSTM,RandomRBF (limited 5000),0.5353061224489796,0.5353061224489796,0.48697477462426475,0.033702850341796875,716.473807
5000,Multiclass classification,Deep River LSTM,RandomRBF (limited 5000),0.5368,0.5368,0.489180787792006,0.033199310302734375,742.02744
100,Multiclass classification,[baseline] Last Class,Hyperplane (limited 5000),0.5353535353535354,0.5353535353535354,0.5349264705882353,0.0005102157592773438,0.008692
200,Multiclass classification,[baseline] Last Class,Hyperplane (limited 5000),0.542713567839196,0.542713567839196,0.538941365175548,0.0005102157592773438,0.025938999999999997
300,Multiclass classification,[baseline] Last Class,Hyperplane (limited 5000),0.5418060200668896,0.5418060200668896,0.5404902125750182,0.0005102157592773438,0.051775
400,Multiclass classification,[baseline] Last Class,Hyperplane (limited 5000),0.5413533834586466,0.5413533834586466,0.541168929915733,0.0005102157592773438,0.08724799999999999
500,Multiclass classification,[baseline] Last Class,Hyperplane (limited 5000),0.5170340681362725,0.5170340681362725,0.5170263095539303,0.0005102157592773438,0.131574
600,Multiclass classification,[baseline] Last Class,Hyperplane (limited 5000),0.5208681135225376,0.5208681135225376,0.5205260148656374,0.0005102157592773438,0.184788
700,Multiclass classification,[baseline] Last Class,Hyperplane (limited 5000),0.5107296137339056,0.5107296137339056,0.510704578202777,0.0005102157592773438,0.246799
800,Multiclass classification,[baseline] Last Class,Hyperplane (limited 5000),0.49937421777221525,0.49937421777221525,0.4992793131541017,0.0005102157592773438,0.317666
900,Multiclass classification,[baseline] Last Class,Hyperplane (limited 5000),0.4983314794215795,0.4983314794215795,0.49791151976718984,0.0005102157592773438,0.39756400000000003
1000,Multiclass classification,[baseline] Last Class,Hyperplane (limited 5000),0.4944944944944945,0.4944944944944945,0.4943303293550918,0.0005102157592773438,0.48774500000000004
1100,Multiclass classification,[baseline] Last Class,Hyperplane (limited 5000),0.49954504094631486,0.49954504094631486,0.49954462659380694,0.0005102157592773438,0.5869040000000001
1200,Multiclass classification,[baseline] Last Class,Hyperplane (limited 5000),0.5004170141784821,0.5004170141784821,0.5004170141784821,0.0005102157592773438,0.6954730000000001
1300,Multiclass classification,[baseline] Last Class,Hyperplane (limited 5000),0.5050038491147036,0.5050038491147036,0.5050026757188735,0.0005102157592773438,0.8130560000000001
1400,Multiclass classification,[baseline] Last Class,Hyperplane (limited 5000),0.507505360972123,0.507505360972123,0.5074963020491374,0.0005102157592773438,0.9393270000000001
1500,Multiclass classification,[baseline] Last Class,Hyperplane (limited 5000),0.5070046697798533,0.5070046697798533,0.5068782621276028,0.0005102157592773438,1.0751060000000001
1600,Multiclass classification,[baseline] Last Class,Hyperplane (limited 5000),0.5096935584740463,0.5096935584740463,0.5096504074199242,0.0005102157592773438,1.2199920000000002
1700,Multiclass classification,[baseline] Last Class,Hyperplane (limited 5000),0.5044143613890524,0.5044143613890524,0.5043235234602602,0.0005102157592773438,1.3734990000000002
1800,Multiclass classification,[baseline] Last Class,Hyperplane (limited 5000),0.5041689827682045,0.5041689827682045,0.5040732114954805,0.0005102157592773438,1.5359580000000002
1900,Multiclass classification,[baseline] Last Class,Hyperplane (limited 5000),0.4986835176408636,0.4986835176408636,0.4986099678506531,0.0005102157592773438,1.708355
2000,Multiclass classification,[baseline] Last Class,Hyperplane (limited 5000),0.496248124062031,0.496248124062031,0.49622997019162596,0.0005102157592773438,1.891183
2100,Multiclass classification,[baseline] Last Class,Hyperplane (limited 5000),0.4930919485469271,0.4930919485469271,0.49309183349221486,0.0005102157592773438,2.084102
2200,Multiclass classification,[baseline] Last Class,Hyperplane (limited 5000),0.493406093678945,0.493406093678945,0.4933883880488858,0.0005102157592773438,2.2873170000000003
2300,Multiclass classification,[baseline] Last Class,Hyperplane (limited 5000),0.4941278816876903,0.4941278816876903,0.4941263503037149,0.0005102157592773438,2.5000090000000004
2400,Multiclass classification,[baseline] Last Class,Hyperplane (limited 5000),0.49312213422259277,0.49312213422259277,0.4931072494470926,0.0005102157592773438,2.7228740000000005
2500,Multiclass classification,[baseline] Last Class,Hyperplane (limited 5000),0.491796718687475,0.49179671868747504,0.49176733967050146,0.0005102157592773438,2.9555390000000004
2600,Multiclass classification,[baseline] Last Class,Hyperplane (limited 5000),0.4944209311273567,0.4944209311273567,0.4944040899088262,0.0005102157592773438,3.1981500000000005
2700,Multiclass classification,[baseline] Last Class,Hyperplane (limited 5000),0.49536865505742866,0.49536865505742866,0.4953652606227535,0.0005102157592773438,3.4497820000000003
2800,Multiclass classification,[baseline] Last Class,Hyperplane (limited 5000),0.49732047159699894,0.49732047159699894,0.497320471596999,0.0005102157592773438,3.7112030000000003
2900,Multiclass classification,[baseline] Last Class,Hyperplane (limited 5000),0.49948258020006897,0.49948258020006897,0.49948043618848514,0.0005102157592773438,3.9814870000000004
3000,Multiclass classification,[baseline] Last Class,Hyperplane (limited 5000),0.49983327775925307,0.49983327775925307,0.4998287732156835,0.0005102157592773438,4.26098
3100,Multiclass classification,[baseline] Last Class,Hyperplane (limited 5000),0.49919328815747016,0.49919328815747016,0.49917446248427644,0.0005102157592773438,4.5498899999999995
3200,Multiclass classification,[baseline] Last Class,Hyperplane (limited 5000),0.4992185057830572,0.4992185057830572,0.4991879195260499,0.0005102157592773438,4.8482389999999995
3300,Multiclass classification,[baseline] Last Class,Hyperplane (limited 5000),0.4998484389208851,0.4998484389208851,0.49980427183609555,0.0005102157592773438,5.156745999999999
3400,Multiclass classification,[baseline] Last Class,Hyperplane (limited 5000),0.5019123271550456,0.5019123271550456,0.5018831813824252,0.0005102157592773438,5.473996999999999
3500,Multiclass classification,[baseline] Last Class,Hyperplane (limited 5000),0.5032866533295227,0.5032866533295227,0.5032525305991753,0.0005102157592773438,5.8013249999999985
3600,Multiclass classification,[baseline] Last Class,Hyperplane (limited 5000),0.5004167824395666,0.5004167824395666,0.5003519386740297,0.0005102157592773438,6.139183999999998
3700,Multiclass classification,[baseline] Last Class,Hyperplane (limited 5000),0.5006758583400919,0.5006758583400919,0.5005917634682931,0.0005102157592773438,6.486554999999998
3800,Multiclass classification,[baseline] Last Class,Hyperplane (limited 5000),0.4993419320873914,0.4993419320873914,0.4993085929054897,0.0005102157592773438,6.842988999999998
3900,Multiclass classification,[baseline] Last Class,Hyperplane (limited 5000),0.5008976660682226,0.5008976660682226,0.5008737311755073,0.0005102157592773438,7.208659999999998
4000,Multiclass classification,[baseline] Last Class,Hyperplane (limited 5000),0.5016254063515879,0.5016254063515879,0.5016249077272146,0.0005102157592773438,7.583506999999998
4100,Multiclass classification,[baseline] Last Class,Hyperplane (limited 5000),0.501829714564528,0.501829714564528,0.5018261269111184,0.0005102157592773438,7.967316999999998
4200,Multiclass classification,[baseline] Last Class,Hyperplane (limited 5000),0.5017861395570374,0.5017861395570374,0.501785885245076,0.0005102157592773438,8.360070999999998
4300,Multiclass classification,[baseline] Last Class,Hyperplane (limited 5000),0.5015119795301233,0.5015119795301233,0.5015102532895752,0.0005102157592773438,8.762990999999998
4400,Multiclass classification,[baseline] Last Class,Hyperplane (limited 5000),0.5012502841554899,0.5012502841554899,0.5012366495592504,0.0005102157592773438,9.175882999999997
4500,Multiclass classification,[baseline] Last Class,Hyperplane (limited 5000),0.5010002222716159,0.5010002222716159,0.500983556341116,0.0005102157592773438,9.598066999999997
4600,Multiclass classification,[baseline] Last Class,Hyperplane (limited 5000),0.502283105022831,0.502283105022831,0.5022646553901116,0.0005102157592773438,10.029708999999997
4700,Multiclass classification,[baseline] Last Class,Hyperplane (limited 5000),0.5015960842732496,0.5015960842732496,0.5015942559323784,0.0005102157592773438,10.471042999999996
4800,Multiclass classification,[baseline] Last Class,Hyperplane (limited 5000),0.5028130860595957,0.5028130860595957,0.5028082286474927,0.0005102157592773438,10.921051999999996
4900,Multiclass classification,[baseline] Last Class,Hyperplane (limited 5000),0.502959787711778,0.502959787711778,0.5029457874687104,0.0005102157592773438,11.380114999999996
5000,Multiclass classification,[baseline] Last Class,Hyperplane (limited 5000),0.5033006601320265,0.5033006601320265,0.5032776825019324,0.0005102157592773438,11.847970999999996
100,Multiclass classification,[baseline] Last Class,LED (limited 5000),0.1414141414141414,0.1414141414141414,0.1468131868131868,0.0012121200561523438,0.004656
200,Multiclass classification,[baseline] Last Class,LED (limited 5000),0.1306532663316583,0.1306532663316583,0.13510317782056913,0.0012121200561523438,0.014202000000000001
300,Multiclass classification,[baseline] Last Class,LED (limited 5000),0.10033444816053512,0.10033444816053512,0.0995859311079623,0.0012121200561523438,0.028647
400,Multiclass classification,[baseline] Last Class,LED (limited 5000),0.09273182957393483,0.09273182957393483,0.09258955956324377,0.0012121200561523438,0.049261
500,Multiclass classification,[baseline] Last Class,LED (limited 5000),0.09418837675350701,0.09418837675350702,0.09420811382417402,0.0012121200561523438,0.074862
600,Multiclass classification,[baseline] Last Class,LED (limited 5000),0.09682804674457429,0.0968280467445743,0.09606827638362056,0.0012121200561523438,0.10547899999999999
700,Multiclass classification,[baseline] Last Class,LED (limited 5000),0.09012875536480687,0.09012875536480686,0.08942709668023333,0.0012121200561523438,0.141152
800,Multiclass classification,[baseline] Last Class,LED (limited 5000),0.09011264080100125,0.09011264080100125,0.0895080580741398,0.0012121200561523438,0.182019
900,Multiclass classification,[baseline] Last Class,LED (limited 5000),0.08898776418242492,0.08898776418242492,0.0889058597477172,0.0012121200561523438,0.228064
1000,Multiclass classification,[baseline] Last Class,LED (limited 5000),0.09009009009009009,0.09009009009009009,0.0904171015976987,0.0012121200561523438,0.278991
1100,Multiclass classification,[baseline] Last Class,LED (limited 5000),0.08644222020018198,0.08644222020018198,0.08662820890043729,0.0012121200561523438,0.335001
1200,Multiclass classification,[baseline] Last Class,LED (limited 5000),0.08924103419516263,0.08924103419516263,0.08944690649453552,0.0012121200561523438,0.396101
1300,Multiclass classification,[baseline] Last Class,LED (limited 5000),0.09006928406466513,0.09006928406466515,0.0902402653069506,0.0012121200561523438,0.461736
1400,Multiclass classification,[baseline] Last Class,LED (limited 5000),0.08863473909935668,0.08863473909935668,0.08857131763671514,0.0012121200561523438,0.532856
1500,Multiclass classification,[baseline] Last Class,LED (limited 5000),0.08939292861907938,0.08939292861907938,0.08949190852762767,0.0012121200561523438,0.609645
1600,Multiclass classification,[baseline] Last Class,LED (limited 5000),0.08943089430894309,0.08943089430894309,0.08918210178083505,0.0012121200561523438,0.691481
1700,Multiclass classification,[baseline] Last Class,LED (limited 5000),0.088875809299588,0.088875809299588,0.08851303645691058,0.0012121200561523438,0.778052
1800,Multiclass classification,[baseline] Last Class,LED (limited 5000),0.0906058921623124,0.0906058921623124,0.0899099057051531,0.0012121200561523438,0.8690869999999999
1900,Multiclass classification,[baseline] Last Class,LED (limited 5000),0.09057398630858346,0.09057398630858346,0.08983947722164713,0.0012121200561523438,0.964866
2000,Multiclass classification,[baseline] Last Class,LED (limited 5000),0.0895447723861931,0.0895447723861931,0.08877787889123108,0.0012121200561523438,1.065615
2100,Multiclass classification,[baseline] Last Class,LED (limited 5000),0.09147212958551691,0.09147212958551691,0.09079649715535289,0.0012121200561523438,1.171874
2200,Multiclass classification,[baseline] Last Class,LED (limited 5000),0.09185993633469759,0.09185993633469759,0.09105064564319724,0.0012121200561523438,1.282871
2300,Multiclass classification,[baseline] Last Class,LED (limited 5000),0.0939538929969552,0.09395389299695518,0.09306296491134272,0.0012121200561523438,1.3986290000000001
2400,Multiclass classification,[baseline] Last Class,LED (limited 5000),0.09378907878282618,0.09378907878282618,0.09306743571476657,0.0012121200561523438,1.5198440000000002
2500,Multiclass classification,[baseline] Last Class,LED (limited 5000),0.09483793517406963,0.09483793517406965,0.0941175458679438,0.0012121200561523438,1.6456860000000002
2600,Multiclass classification,[baseline] Last Class,LED (limited 5000),0.09311273566756445,0.09311273566756446,0.09250171947329519,0.0012121200561523438,1.7771340000000002
2700,Multiclass classification,[baseline] Last Class,LED (limited 5000),0.09114486846980363,0.09114486846980364,0.09054647703437528,0.0012121200561523438,1.913037
2800,Multiclass classification,[baseline] Last Class,LED (limited 5000),0.09003215434083602,0.09003215434083602,0.0895388196406121,0.0012121200561523438,2.053313
2900,Multiclass classification,[baseline] Last Class,LED (limited 5000),0.08968609865470852,0.08968609865470852,0.08922838882443042,0.0012121200561523438,2.1986120000000002
3000,Multiclass classification,[baseline] Last Class,LED (limited 5000),0.08902967655885295,0.08902967655885294,0.08850502038563278,0.0012121200561523438,2.3486900000000004
3100,Multiclass classification,[baseline] Last Class,LED (limited 5000),0.09131978057437883,0.09131978057437883,0.09077743649037512,0.0012121200561523438,2.5036950000000004
3200,Multiclass classification,[baseline] Last Class,LED (limited 5000),0.09127852453891841,0.09127852453891841,0.09087859010116799,0.0012121200561523438,2.6632700000000002
3300,Multiclass classification,[baseline] Last Class,LED (limited 5000),0.09336162473476811,0.09336162473476811,0.09302803569212369,0.0012121200561523438,2.828885
3400,Multiclass classification,[baseline] Last Class,LED (limited 5000),0.09414533686378347,0.09414533686378347,0.09387318579359402,0.0012121200561523438,2.999145
3500,Multiclass classification,[baseline] Last Class,LED (limited 5000),0.09459845670191483,0.09459845670191483,0.09441035322513235,0.0012121200561523438,3.17401
3600,Multiclass classification,[baseline] Last Class,LED (limited 5000),0.09502639622117255,0.09502639622117255,0.09479167944625723,0.0012121200561523438,3.353614
3700,Multiclass classification,[baseline] Last Class,LED (limited 5000),0.09516085428494188,0.09516085428494188,0.09500228916965876,0.0012121200561523438,3.5381929999999997
3800,Multiclass classification,[baseline] Last Class,LED (limited 5000),0.0963411424058963,0.0963411424058963,0.09618659317639675,0.0012121200561523438,3.7274179999999997
3900,Multiclass classification,[baseline] Last Class,LED (limited 5000),0.09617850730956655,0.09617850730956655,0.09599691442745223,0.0012121200561523438,3.9217449999999996
4000,Multiclass classification,[baseline] Last Class,LED (limited 5000),0.09727431857964491,0.09727431857964491,0.09702282012711946,0.0012121200561523438,4.120938
4100,Multiclass classification,[baseline] Last Class,LED (limited 5000),0.0983166626006343,0.0983166626006343,0.09795626313770671,0.0012121200561523438,4.324807
4200,Multiclass classification,[baseline] Last Class,LED (limited 5000),0.09788044772564897,0.09788044772564897,0.09746337018918065,0.0012121200561523438,4.533812999999999
4300,Multiclass classification,[baseline] Last Class,LED (limited 5000),0.09792975110490812,0.0979297511049081,0.09744723834863188,0.0012121200561523438,4.747659
4400,Multiclass classification,[baseline] Last Class,LED (limited 5000),0.09797681291202547,0.09797681291202548,0.0975194776209048,0.0012121200561523438,4.9661159999999995
4500,Multiclass classification,[baseline] Last Class,LED (limited 5000),0.09802178261835963,0.09802178261835963,0.09759833503544472,0.0012121200561523438,5.189819999999999
4600,Multiclass classification,[baseline] Last Class,LED (limited 5000),0.0974124809741248,0.0974124809741248,0.09697824434553313,0.0012121200561523438,5.418151999999999
4700,Multiclass classification,[baseline] Last Class,LED (limited 5000),0.09810597999574378,0.09810597999574378,0.09769233108668632,0.0012121200561523438,5.651254999999999
4800,Multiclass classification,[baseline] Last Class,LED (limited 5000),0.09814544696811836,0.09814544696811836,0.09768029859090968,0.0012121200561523438,5.889527999999999
4900,Multiclass classification,[baseline] Last Class,LED (limited 5000),0.0983874260053072,0.0983874260053072,0.09791040871131503,0.0012121200561523438,6.132637999999999
5000,Multiclass classification,[baseline] Last Class,LED (limited 5000),0.09801960392078415,0.09801960392078415,0.0975498227648854,0.0012121200561523438,6.3803719999999995
100,Multiclass classification,[baseline] Last Class,RandomRBF (limited 5000),0.30303030303030304,0.30303030303030304,0.23772210376687988,0.0005636215209960938,0.004996
200,Multiclass classification,[baseline] Last Class,RandomRBF (limited 5000),0.2964824120603015,0.2964824120603015,0.23276532835356367,0.0005636215209960938,0.014759999999999999
300,Multiclass classification,[baseline] Last Class,RandomRBF (limited 5000),0.2976588628762542,0.2976588628762542,0.26157395845428366,0.0005636215209960938,0.030396
400,Multiclass classification,[baseline] Last Class,RandomRBF (limited 5000),0.2857142857142857,0.2857142857142857,0.24586669306198475,0.0005636215209960938,0.050714999999999996
500,Multiclass classification,[baseline] Last Class,RandomRBF (limited 5000),0.2845691382765531,0.2845691382765531,0.242445010010775,0.0005636215209960938,0.075928
600,Multiclass classification,[baseline] Last Class,RandomRBF (limited 5000),0.2854757929883139,0.2854757929883139,0.24218600977125798,0.0005636215209960938,0.10585
700,Multiclass classification,[baseline] Last Class,RandomRBF (limited 5000),0.2804005722460658,0.2804005722460658,0.23764761198258766,0.0005636215209960938,0.141978
800,Multiclass classification,[baseline] Last Class,RandomRBF (limited 5000),0.2853566958698373,0.2853566958698373,0.24582215397325574,0.0005636215209960938,0.184244
900,Multiclass classification,[baseline] Last Class,RandomRBF (limited 5000),0.2836484983314794,0.2836484983314794,0.2466118926226975,0.0005636215209960938,0.23224699999999998
1000,Multiclass classification,[baseline] Last Class,RandomRBF (limited 5000),0.2832832832832833,0.2832832832832833,0.2457207384005109,0.0005636215209960938,0.28492599999999996
1100,Multiclass classification,[baseline] Last Class,RandomRBF (limited 5000),0.28116469517743403,0.28116469517743403,0.24289495587268492,0.0005636215209960938,0.34251699999999996
1200,Multiclass classification,[baseline] Last Class,RandomRBF (limited 5000),0.28440366972477066,0.28440366972477066,0.24660245938127467,0.0005636215209960938,0.405259
1300,Multiclass classification,[baseline] Last Class,RandomRBF (limited 5000),0.2825250192455735,0.2825250192455735,0.2465234949002878,0.0005636215209960938,0.472773
1400,Multiclass classification,[baseline] Last Class,RandomRBF (limited 5000),0.2809149392423159,0.2809149392423159,0.24348583747778382,0.0005636215209960938,0.545288
1500,Multiclass classification,[baseline] Last Class,RandomRBF (limited 5000),0.2801867911941294,0.2801867911941294,0.24159306104398687,0.0005636215209960938,0.622492
1600,Multiclass classification,[baseline] Last Class,RandomRBF (limited 5000),0.2776735459662289,0.2776735459662289,0.23898971878625902,0.0005636215209960938,0.7045830000000001
1700,Multiclass classification,[baseline] Last Class,RandomRBF (limited 5000),0.2772218952324897,0.2772218952324897,0.2403794279634322,0.0005636215209960938,0.7914850000000001
1800,Multiclass classification,[baseline] Last Class,RandomRBF (limited 5000),0.2707059477487493,0.2707059477487493,0.23538021352874333,0.0005636215209960938,0.8831010000000001
1900,Multiclass classification,[baseline] Last Class,RandomRBF (limited 5000),0.2727751448130595,0.2727751448130595,0.23589188491837737,0.0005636215209960938,0.9796160000000002
2000,Multiclass classification,[baseline] Last Class,RandomRBF (limited 5000),0.272136068034017,0.272136068034017,0.23465747060303846,0.0005636215209960938,1.0822960000000001
2100,Multiclass classification,[baseline] Last Class,RandomRBF (limited 5000),0.27584564078132445,0.27584564078132445,0.23853650690064732,0.0005636215209960938,1.1906040000000002
2200,Multiclass classification,[baseline] Last Class,RandomRBF (limited 5000),0.2755798090040928,0.2755798090040928,0.23713441652118367,0.0005636215209960938,1.3041850000000001
2300,Multiclass classification,[baseline] Last Class,RandomRBF (limited 5000),0.27446715963462376,0.27446715963462376,0.23676088810441542,0.0005636215209960938,1.4226580000000002
2400,Multiclass classification,[baseline] Last Class,RandomRBF (limited 5000),0.2759483117965819,0.2759483117965819,0.23937171462810747,0.0005636215209960938,1.546542
2500,Multiclass classification,[baseline] Last Class,RandomRBF (limited 5000),0.2781112444977991,0.2781112444977991,0.24166949767839402,0.0005636215209960938,1.6750880000000001
2600,Multiclass classification,[baseline] Last Class,RandomRBF (limited 5000),0.2785686802616391,0.2785686802616391,0.2418530574871964,0.0005636215209960938,1.8084380000000002
2700,Multiclass classification,[baseline] Last Class,RandomRBF (limited 5000),0.2730640978140052,0.2730640978140052,0.2376276457838483,0.0005636215209960938,1.9466210000000002
2800,Multiclass classification,[baseline] Last Class,RandomRBF (limited 5000),0.2718828152911754,0.2718828152911754,0.23620456895551875,0.0005636215209960938,2.0905180000000003
2900,Multiclass classification,[baseline] Last Class,RandomRBF (limited 5000),0.27733701276302175,0.27733701276302175,0.24116702931564074,0.0005636215209960938,2.239193
3000,Multiclass classification,[baseline] Last Class,RandomRBF (limited 5000),0.2780926975658553,0.2780926975658553,0.24321397592442623,0.0005636215209960938,2.3926930000000004
3100,Multiclass classification,[baseline] Last Class,RandomRBF (limited 5000),0.2791222975153275,0.2791222975153275,0.24433901826316104,0.0005636215209960938,2.5506140000000004
3200,Multiclass classification,[baseline] Last Class,RandomRBF (limited 5000),0.28102532041262895,0.28102532041262895,0.24668964615765485,0.0005636215209960938,2.7130870000000002
3300,Multiclass classification,[baseline] Last Class,RandomRBF (limited 5000),0.2797817520460746,0.2797817520460746,0.24625571460167583,0.0005636215209960938,2.8805660000000004
3400,Multiclass classification,[baseline] Last Class,RandomRBF (limited 5000),0.2797881729920565,0.2797881729920565,0.24593491516941557,0.0005636215209960938,3.0537900000000002
3500,Multiclass classification,[baseline] Last Class,RandomRBF (limited 5000),0.2797942269219777,0.2797942269219777,0.2460362409003931,0.0005636215209960938,3.232342
3600,Multiclass classification,[baseline] Last Class,RandomRBF (limited 5000),0.279522089469297,0.279522089469297,0.2458598190208943,0.0005636215209960938,3.416469
3700,Multiclass classification,[baseline] Last Class,RandomRBF (limited 5000),0.28034603947012704,0.28034603947012704,0.24720488294140547,0.0005636215209960938,3.60582
3800,Multiclass classification,[baseline] Last Class,RandomRBF (limited 5000),0.27902079494603843,0.27902079494603843,0.24594116294407806,0.0005636215209960938,3.80011
3900,Multiclass classification,[baseline] Last Class,RandomRBF (limited 5000),0.2790459092074891,0.2790459092074891,0.2454433571491326,0.0005636215209960938,3.999444
4000,Multiclass classification,[baseline] Last Class,RandomRBF (limited 5000),0.27906976744186046,0.27906976744186046,0.24493260677556264,0.0005636215209960938,4.203824
4100,Multiclass classification,[baseline] Last Class,RandomRBF (limited 5000),0.27787265186630883,0.27787265186630883,0.24398790291642516,0.0005636215209960938,4.41367
4200,Multiclass classification,[baseline] Last Class,RandomRBF (limited 5000),0.2781614670159562,0.2781614670159562,0.24408977972257342,0.0005636215209960938,4.628493
4300,Multiclass classification,[baseline] Last Class,RandomRBF (limited 5000),0.27797162130728076,0.27797162130728076,0.24390846227658852,0.0005636215209960938,4.848189
4400,Multiclass classification,[baseline] Last Class,RandomRBF (limited 5000),0.2793816776540123,0.2793816776540123,0.2451134505816721,0.0005636215209960938,5.073448
4500,Multiclass classification,[baseline] Last Class,RandomRBF (limited 5000),0.27939542120471217,0.27939542120471217,0.2452839989226442,0.0005636215209960938,5.303508
4600,Multiclass classification,[baseline] Last Class,RandomRBF (limited 5000),0.27832137421178516,0.27832137421178516,0.24477517575833524,0.0005636215209960938,5.5384899999999995
4700,Multiclass classification,[baseline] Last Class,RandomRBF (limited 5000),0.2789955309640349,0.2789955309640349,0.24552753561966212,0.0005636215209960938,5.778498999999999
4800,Multiclass classification,[baseline] Last Class,RandomRBF (limited 5000),0.2775578245467806,0.2775578245467806,0.2446324464329101,0.0005636215209960938,6.024280999999999
4900,Multiclass classification,[baseline] Last Class,RandomRBF (limited 5000),0.2774035517452541,0.2774035517452541,0.24426766814136922,0.0005636215209960938,6.275244999999999
5000,Multiclass classification,[baseline] Last Class,RandomRBF (limited 5000),0.2768553710742148,0.2768553710742148,0.24384446882024702,0.0005636215209960938,6.531632999999999
100,Multiclass classification,[baseline] Prior Class,Hyperplane (limited 5000),0.5050505050505051,0.5050505050505051,0.3529411764705882,0.0006113052368164062,0.009426
200,Multiclass classification,[baseline] Prior Class,Hyperplane (limited 5000),0.5376884422110553,0.5376884422110553,0.35932250839865626,0.0006113052368164062,0.028055
300,Multiclass classification,[baseline] Prior Class,Hyperplane (limited 5000),0.5217391304347826,0.5217391304347826,0.3490599071325265,0.0006113052368164062,0.055727
400,Multiclass classification,[baseline] Prior Class,Hyperplane (limited 5000),0.506265664160401,0.506265664160401,0.3405843910705447,0.0006113052368164062,0.092635
500,Multiclass classification,[baseline] Prior Class,Hyperplane (limited 5000),0.4909819639278557,0.4909819639278557,0.3427128277464322,0.0006113052368164062,0.138639
600,Multiclass classification,[baseline] Prior Class,Hyperplane (limited 5000),0.5008347245409015,0.5008347245409015,0.4500655557500223,0.0006113052368164062,0.19439800000000002
700,Multiclass classification,[baseline] Prior Class,Hyperplane (limited 5000),0.49213161659513593,0.49213161659513593,0.47153380739718503,0.0006113052368164062,0.259935
800,Multiclass classification,[baseline] Prior Class,Hyperplane (limited 5000),0.493116395494368,0.493116395494368,0.4847188760455862,0.0006113052368164062,0.334884
900,Multiclass classification,[baseline] Prior Class,Hyperplane (limited 5000),0.5027808676307007,0.5027808676307007,0.5015869472195866,0.0006113052368164062,0.420124
1000,Multiclass classification,[baseline] Prior Class,Hyperplane (limited 5000),0.4984984984984985,0.4984984984984985,0.4984964884663982,0.0006113052368164062,0.515657
1100,Multiclass classification,[baseline] Prior Class,Hyperplane (limited 5000),0.4840764331210191,0.4840764331210191,0.4836917029648662,0.0006113052368164062,0.621023
1200,Multiclass classification,[baseline] Prior Class,Hyperplane (limited 5000),0.48206839032527105,0.48206839032527105,0.48206694922151344,0.0006113052368164062,0.736641
1300,Multiclass classification,[baseline] Prior Class,Hyperplane (limited 5000),0.47882986913010006,0.47882986913010006,0.478706295965444,0.0006113052368164062,0.862313
1400,Multiclass classification,[baseline] Prior Class,Hyperplane (limited 5000),0.48177269478198714,0.48177269478198714,0.48039643097370566,0.0006113052368164062,0.998228
1500,Multiclass classification,[baseline] Prior Class,Hyperplane (limited 5000),0.48899266177451634,0.48899266177451634,0.48505991461270764,0.0006113052368164062,1.145287
1600,Multiclass classification,[baseline] Prior Class,Hyperplane (limited 5000),0.48655409631019386,0.48655409631019386,0.4802573416606456,0.0006113052368164062,1.3018299999999998
1700,Multiclass classification,[baseline] Prior Class,Hyperplane (limited 5000),0.4896998234255444,0.4896998234255444,0.4801734551387038,0.0006113052368164062,1.4677379999999998
1800,Multiclass classification,[baseline] Prior Class,Hyperplane (limited 5000),0.49082823790994995,0.49082823790994995,0.4780949123340428,0.0006113052368164062,1.6426009999999998
1900,Multiclass classification,[baseline] Prior Class,Hyperplane (limited 5000),0.4907846234860453,0.4907846234860453,0.4749285234527998,0.0006113052368164062,1.8273659999999998
2000,Multiclass classification,[baseline] Prior Class,Hyperplane (limited 5000),0.48874437218609307,0.48874437218609307,0.47009630189117746,0.0006113052368164062,2.0215259999999997
2100,Multiclass classification,[baseline] Prior Class,Hyperplane (limited 5000),0.48642210576464984,0.48642210576464984,0.4673682357106271,0.0006113052368164062,2.2254389999999997
2200,Multiclass classification,[baseline] Prior Class,Hyperplane (limited 5000),0.48794906775807184,0.48794906775807184,0.4660844372146138,0.0006113052368164062,2.438141
2300,Multiclass classification,[baseline] Prior Class,Hyperplane (limited 5000),0.4867333623314485,0.4867333623314485,0.46220303232150217,0.0006113052368164062,2.661566
2400,Multiclass classification,[baseline] Prior Class,Hyperplane (limited 5000),0.4885368903709879,0.4885368903709879,0.4608114828644515,0.0006113052368164062,2.8946460000000003
2500,Multiclass classification,[baseline] Prior Class,Hyperplane (limited 5000),0.49019607843137253,0.49019607843137253,0.45934002559525267,0.0006113052368164062,3.1375180000000005
2600,Multiclass classification,[baseline] Prior Class,Hyperplane (limited 5000),0.48980377068103115,0.48980377068103115,0.45631869622778903,0.0006113052368164062,3.3899100000000004
2700,Multiclass classification,[baseline] Prior Class,Hyperplane (limited 5000),0.488699518340126,0.488699518340126,0.4528346789831824,0.0006113052368164062,3.6514010000000003
2800,Multiclass classification,[baseline] Prior Class,Hyperplane (limited 5000),0.48624508753126117,0.48624508753126117,0.4557060931201683,0.0006113052368164062,3.9227700000000003
2900,Multiclass classification,[baseline] Prior Class,Hyperplane (limited 5000),0.4870645050017247,0.4870645050017247,0.4611285041135892,0.0006113052368164062,4.203375
3000,Multiclass classification,[baseline] Prior Class,Hyperplane (limited 5000),0.488162720906969,0.488162720906969,0.46798864432860715,0.0006113052368164062,4.493411
3100,Multiclass classification,[baseline] Prior Class,Hyperplane (limited 5000),0.49015811552113586,0.49015811552113586,0.47485617698917626,0.0006113052368164062,4.793148
3200,Multiclass classification,[baseline] Prior Class,Hyperplane (limited 5000),0.49140356361362925,0.49140356361362925,0.4798880786247661,0.0006113052368164062,5.102144
3300,Multiclass classification,[baseline] Prior Class,Hyperplane (limited 5000),0.4925735071233707,0.4925735071233707,0.4840916955081951,0.0006113052368164062,5.419975
3400,Multiclass classification,[baseline] Prior Class,Hyperplane (limited 5000),0.4919093851132686,0.4919093851132686,0.48561487755026034,0.0006113052368164062,5.747262
3500,Multiclass classification,[baseline] Prior Class,Hyperplane (limited 5000),0.49271220348671046,0.49271220348671046,0.48832491282560386,0.0006113052368164062,6.083871
3600,Multiclass classification,[baseline] Prior Class,Hyperplane (limited 5000),0.4945818282856349,0.4945818282856349,0.491763629420346,0.0006113052368164062,6.430545
3700,Multiclass classification,[baseline] Prior Class,Hyperplane (limited 5000),0.4955393349553934,0.4955393349553934,0.49382929892810223,0.0006113052368164062,6.787573
3800,Multiclass classification,[baseline] Prior Class,Hyperplane (limited 5000),0.4935509344564359,0.4935509344564359,0.49249850997800926,0.0006113052368164062,7.154573
3900,Multiclass classification,[baseline] Prior Class,Hyperplane (limited 5000),0.4932033854834573,0.4932033854834573,0.4926819580661237,0.0006113052368164062,7.531057
4000,Multiclass classification,[baseline] Prior Class,Hyperplane (limited 5000),0.4903725931482871,0.4903725931482871,0.4901312727283647,0.0006113052368164062,7.917186
4100,Multiclass classification,[baseline] Prior Class,Hyperplane (limited 5000),0.4915833130031715,0.4915833130031715,0.4915503581038708,0.0006113052368164062,8.313322
4200,Multiclass classification,[baseline] Prior Class,Hyperplane (limited 5000),0.4903548463919981,0.4903548463919981,0.4903464926489872,0.0006113052368164062,8.719489999999999
4300,Multiclass classification,[baseline] Prior Class,Hyperplane (limited 5000),0.4908118167015585,0.4908118167015585,0.4906917745775907,0.0006113052368164062,9.134771999999998
4400,Multiclass classification,[baseline] Prior Class,Hyperplane (limited 5000),0.4926119572630143,0.4926119572630143,0.4922149648594606,0.0006113052368164062,9.560322999999999
4500,Multiclass classification,[baseline] Prior Class,Hyperplane (limited 5000),0.49322071571460324,0.49322071571460324,0.4924527876176079,0.0006113052368164062,9.995473999999998
4600,Multiclass classification,[baseline] Prior Class,Hyperplane (limited 5000),0.49358556207871274,0.49358556207871274,0.4923596871523207,0.0006113052368164062,10.440462999999998
4700,Multiclass classification,[baseline] Prior Class,Hyperplane (limited 5000),0.4915939561608853,0.4915939561608853,0.4899595612781462,0.0006113052368164062,10.894883999999998
4800,Multiclass classification,[baseline] Prior Class,Hyperplane (limited 5000),0.4923942488018337,0.4923942488018337,0.4901414126611957,0.0006113052368164062,11.358817999999998
4900,Multiclass classification,[baseline] Prior Class,Hyperplane (limited 5000),0.493774239640743,0.493774239640743,0.4907906158935934,0.0006113052368164062,11.834242999999997
5000,Multiclass classification,[baseline] Prior Class,Hyperplane (limited 5000),0.4946989397879576,0.4946989397879576,0.49094999750060064,0.0006113052368164062,12.321875999999998
100,Multiclass classification,[baseline] Prior Class,LED (limited 5000),0.1111111111111111,0.1111111111111111,0.022448979591836737,0.0010004043579101562,0.005551
200,Multiclass classification,[baseline] Prior Class,LED (limited 5000),0.10050251256281408,0.10050251256281408,0.024223682515139802,0.0011072158813476562,0.017138
300,Multiclass classification,[baseline] Prior Class,LED (limited 5000),0.09698996655518395,0.09698996655518395,0.031740087382149076,0.0011339187622070312,0.034158
400,Multiclass classification,[baseline] Prior Class,LED (limited 5000),0.10275689223057644,0.10275689223057644,0.034646997595204766,0.0010805130004882812,0.05679
500,Multiclass classification,[baseline] Prior Class,LED (limited 5000),0.11022044088176353,0.11022044088176353,0.036466115502987145,0.0011339187622070312,0.084955
600,Multiclass classification,[baseline] Prior Class,LED (limited 5000),0.10350584307178631,0.10350584307178631,0.03425409425731245,0.0011339187622070312,0.118844
700,Multiclass classification,[baseline] Prior Class,LED (limited 5000),0.11015736766809728,0.11015736766809726,0.035146114532826636,0.0011339187622070312,0.15821400000000002
800,Multiclass classification,[baseline] Prior Class,LED (limited 5000),0.1113892365456821,0.11138923654568209,0.03442255169722981,0.0011072158813476562,0.20340200000000003
900,Multiclass classification,[baseline] Prior Class,LED (limited 5000),0.10789766407119021,0.10789766407119021,0.03345724907063197,0.0011072158813476562,0.25468900000000005
1000,Multiclass classification,[baseline] Prior Class,LED (limited 5000),0.10510510510510511,0.10510510510510511,0.032320945880248135,0.0011072158813476562,0.31198700000000007
1100,Multiclass classification,[baseline] Prior Class,LED (limited 5000),0.09736123748862602,0.097361237488626,0.030491355035300836,0.0010805130004882812,0.37486500000000006
1200,Multiclass classification,[baseline] Prior Class,LED (limited 5000),0.09591326105087573,0.09591326105087573,0.030281345565749233,0.0011072158813476562,0.44313900000000006
1300,Multiclass classification,[baseline] Prior Class,LED (limited 5000),0.10238645111624327,0.10238645111624327,0.04192242819377544,0.0011072158813476562,0.518221
1400,Multiclass classification,[baseline] Prior Class,LED (limited 5000),0.10221586847748391,0.10221586847748391,0.043275014393387365,0.0011339187622070312,0.598974
1500,Multiclass classification,[baseline] Prior Class,LED (limited 5000),0.10073382254836558,0.10073382254836558,0.04290388370957085,0.0011606216430664062,0.685164
1600,Multiclass classification,[baseline] Prior Class,LED (limited 5000),0.10318949343339587,0.10318949343339587,0.0443927090494909,0.0011339187622070312,0.776972
1700,Multiclass classification,[baseline] Prior Class,LED (limited 5000),0.10064743967039436,0.10064743967039437,0.04318968853543392,0.0011339187622070312,0.8744339999999999
1800,Multiclass classification,[baseline] Prior Class,LED (limited 5000),0.1000555864369094,0.1000555864369094,0.04298090351959993,0.0011606216430664062,0.978061
1900,Multiclass classification,[baseline] Prior Class,LED (limited 5000),0.10005265929436545,0.10005265929436545,0.045346685274315734,0.0011339187622070312,1.088227
2000,Multiclass classification,[baseline] Prior Class,LED (limited 5000),0.10205102551275638,0.10205102551275638,0.04588046701274587,0.0011339187622070312,1.204112
2100,Multiclass classification,[baseline] Prior Class,LED (limited 5000),0.10338256312529776,0.10338256312529776,0.04608619057499809,0.0011606216430664062,1.325633
2200,Multiclass classification,[baseline] Prior Class,LED (limited 5000),0.10459299681673488,0.10459299681673488,0.046174774863967975,0.0011339187622070312,1.45266
2300,Multiclass classification,[baseline] Prior Class,LED (limited 5000),0.10352327098738583,0.10352327098738583,0.04555632448846244,0.0011606216430664062,1.585703
2400,Multiclass classification,[baseline] Prior Class,LED (limited 5000),0.10254272613588995,0.10254272613588995,0.04488880083973683,0.0011339187622070312,1.7242760000000001
2500,Multiclass classification,[baseline] Prior Class,LED (limited 5000),0.10204081632653061,0.10204081632653061,0.04448230689607226,0.0011606216430664062,1.8684010000000002
2600,Multiclass classification,[baseline] Prior Class,LED (limited 5000),0.10119276644863409,0.10119276644863409,0.043937655865552656,0.0011606216430664062,2.018348
2700,Multiclass classification,[baseline] Prior Class,LED (limited 5000),0.10337161911819193,0.10337161911819194,0.044228619667047185,0.0011606216430664062,2.174872
2800,Multiclass classification,[baseline] Prior Class,LED (limited 5000),0.10217934976777421,0.10217934976777422,0.04364549687318835,0.0011606216430664062,2.337356
2900,Multiclass classification,[baseline] Prior Class,LED (limited 5000),0.10348395998620213,0.10348395998620213,0.043674323271292725,0.0011606216430664062,2.505204
3000,Multiclass classification,[baseline] Prior Class,LED (limited 5000),0.10336778926308769,0.10336778926308769,0.043342917028834284,0.0011606216430664062,2.678375
3100,Multiclass classification,[baseline] Prior Class,LED (limited 5000),0.10261374636979671,0.10261374636979671,0.04289278684416233,0.0011606216430664062,2.856821
3200,Multiclass classification,[baseline] Prior Class,LED (limited 5000),0.10065645514223195,0.10065645514223195,0.04195746024331364,0.0011606216430664062,3.040488
3300,Multiclass classification,[baseline] Prior Class,LED (limited 5000),0.10033343437405275,0.10033343437405275,0.04568837711111393,0.0011606216430664062,3.23004
3400,Multiclass classification,[baseline] Prior Class,LED (limited 5000),0.10002942041776994,0.10002942041776992,0.0478235105201217,0.0011606216430664062,3.4250689999999997
3500,Multiclass classification,[baseline] Prior Class,LED (limited 5000),0.10031437553586739,0.1003143755358674,0.049716929085652714,0.0011606216430664062,3.6260259999999995
3600,Multiclass classification,[baseline] Prior Class,LED (limited 5000),0.1000277854959711,0.1000277854959711,0.0501101852612017,0.0011606216430664062,3.8335049999999997
3700,Multiclass classification,[baseline] Prior Class,LED (limited 5000),0.09975669099756691,0.09975669099756691,0.04967344873382564,0.0011606216430664062,4.047270999999999
3800,Multiclass classification,[baseline] Prior Class,LED (limited 5000),0.10028954988154777,0.10028954988154777,0.04951933404983026,0.0011606216430664062,4.266703999999999
3900,Multiclass classification,[baseline] Prior Class,LED (limited 5000),0.10233393177737882,0.1023339317773788,0.04970090400667347,0.0011606216430664062,4.491827999999999
4000,Multiclass classification,[baseline] Prior Class,LED (limited 5000),0.10327581895473868,0.10327581895473868,0.049588241715937786,0.0011606216430664062,4.722347999999999
4100,Multiclass classification,[baseline] Prior Class,LED (limited 5000),0.10539155891680897,0.10539155891680897,0.049714106880454766,0.0011606216430664062,4.958659999999999
4200,Multiclass classification,[baseline] Prior Class,LED (limited 5000),0.10550130983567516,0.10550130983567516,0.049488006895363534,0.0011606216430664062,5.201847999999999
4300,Multiclass classification,[baseline] Prior Class,LED (limited 5000),0.10583856710862992,0.10583856710862992,0.049194301302849276,0.0011606216430664062,5.450748999999999
4400,Multiclass classification,[baseline] Prior Class,LED (limited 5000),0.10547851784496476,0.10547851784496476,0.04873207781902421,0.0011606216430664062,5.705137999999999
4500,Multiclass classification,[baseline] Prior Class,LED (limited 5000),0.1058012891753723,0.10580128917537229,0.04852311556279403,0.0011606216430664062,5.965067999999999
4600,Multiclass classification,[baseline] Prior Class,LED (limited 5000),0.10611002391824309,0.10611002391824309,0.04830201575822341,0.0011606216430664062,6.231201999999999
4700,Multiclass classification,[baseline] Prior Class,LED (limited 5000),0.10534156203447542,0.10534156203447542,0.04776250920021499,0.0011606216430664062,6.503116999999999
4800,Multiclass classification,[baseline] Prior Class,LED (limited 5000),0.10585538653886226,0.10585538653886227,0.047586309427813035,0.0011606216430664062,6.781719999999999
4900,Multiclass classification,[baseline] Prior Class,LED (limited 5000),0.10614411104307002,0.10614411104307002,0.047317101243785555,0.0011606216430664062,7.065690999999999
5000,Multiclass classification,[baseline] Prior Class,LED (limited 5000),0.10542108421684337,0.10542108421684337,0.04684589352950146,0.0011606216430664062,7.355515
100,Multiclass classification,[baseline] Prior Class,RandomRBF (limited 5000),0.26262626262626265,0.26262626262626265,0.17552845528455285,0.0007181167602539062,0.005717
200,Multiclass classification,[baseline] Prior Class,RandomRBF (limited 5000),0.32160804020100503,0.32160804020100503,0.1833232658814054,0.0007181167602539062,0.017677
300,Multiclass classification,[baseline] Prior Class,RandomRBF (limited 5000),0.3076923076923077,0.3076923076923077,0.16537125186590812,0.0007181167602539062,0.036106
400,Multiclass classification,[baseline] Prior Class,RandomRBF (limited 5000),0.3283208020050125,0.3283208020050125,0.1657206859343969,0.0007181167602539062,0.06142
500,Multiclass classification,[baseline] Prior Class,RandomRBF (limited 5000),0.3366733466933868,0.3366733466933868,0.1624559483933947,0.0007181167602539062,0.094117
600,Multiclass classification,[baseline] Prior Class,RandomRBF (limited 5000),0.34891485809682804,0.34891485809682804,0.16167167790810016,0.0007181167602539062,0.134416
700,Multiclass classification,[baseline] Prior Class,RandomRBF (limited 5000),0.35336194563662376,0.35336194563662376,0.15922125035566065,0.0007181167602539062,0.181469
800,Multiclass classification,[baseline] Prior Class,RandomRBF (limited 5000),0.3504380475594493,0.3504380475594493,0.15553624120138174,0.0007181167602539062,0.23626599999999998
900,Multiclass classification,[baseline] Prior Class,RandomRBF (limited 5000),0.3426028921023359,0.3426028921023359,0.15015493384935083,0.0007181167602539062,0.29808799999999996
1000,Multiclass classification,[baseline] Prior Class,RandomRBF (limited 5000),0.35035035035035034,0.35035035035035034,0.15048277342417207,0.0007181167602539062,0.36618199999999995
1100,Multiclass classification,[baseline] Prior Class,RandomRBF (limited 5000),0.3521383075523203,0.3521383075523203,0.14924092062942498,0.0007181167602539062,0.44080899999999995
1200,Multiclass classification,[baseline] Prior Class,RandomRBF (limited 5000),0.3494578815679733,0.3494578815679733,0.14695255206116561,0.0007181167602539062,0.5218879999999999
1300,Multiclass classification,[baseline] Prior Class,RandomRBF (limited 5000),0.3418013856812933,0.3418013856812933,0.14333339878590018,0.0007181167602539062,0.6093419999999999
1400,Multiclass classification,[baseline] Prior Class,RandomRBF (limited 5000),0.34524660471765545,0.34524660471765545,0.14309784713838414,0.0007181167602539062,0.7029049999999999
1500,Multiclass classification,[baseline] Prior Class,RandomRBF (limited 5000),0.34889926617745165,0.34889926617745165,0.14323746788987995,0.0007181167602539062,0.8025459999999999
1600,Multiclass classification,[baseline] Prior Class,RandomRBF (limited 5000),0.34771732332707944,0.34771732332707944,0.14202169480574794,0.0007181167602539062,0.9084199999999999
1700,Multiclass classification,[baseline] Prior Class,RandomRBF (limited 5000),0.34490876986462626,0.34490876986462626,0.1405192202408945,0.0007181167602539062,1.0207
1800,Multiclass classification,[baseline] Prior Class,RandomRBF (limited 5000),0.3463035019455253,0.3463035019455253,0.14035589250831154,0.0007181167602539062,1.138563
1900,Multiclass classification,[baseline] Prior Class,RandomRBF (limited 5000),0.34965771458662454,0.34965771458662454,0.140752485627764,0.0007181167602539062,1.262652
2000,Multiclass classification,[baseline] Prior Class,RandomRBF (limited 5000),0.3506753376688344,0.3506753376688344,0.14052349498596964,0.0007181167602539062,1.3925900000000002
2100,Multiclass classification,[baseline] Prior Class,RandomRBF (limited 5000),0.3554073368270605,0.3554073368270605,0.14144773110977,0.0007181167602539062,1.5280050000000003
2200,Multiclass classification,[baseline] Prior Class,RandomRBF (limited 5000),0.3597089586175534,0.3597089586175535,0.14227294623544387,0.0007181167602539062,1.6694220000000002
2300,Multiclass classification,[baseline] Prior Class,RandomRBF (limited 5000),0.35841670291431055,0.35841670291431055,0.14149951941353892,0.0007181167602539062,1.8168330000000001
2400,Multiclass classification,[baseline] Prior Class,RandomRBF (limited 5000),0.35556481867444767,0.35556481867444767,0.14034936212640686,0.0007181167602539062,1.969967
2500,Multiclass classification,[baseline] Prior Class,RandomRBF (limited 5000),0.3557422969187675,0.3557422969187675,0.14003233184559502,0.0007181167602539062,2.12916
2600,Multiclass classification,[baseline] Prior Class,RandomRBF (limited 5000),0.35706040784917276,0.35706040784917276,0.1400860877728873,0.0007181167602539062,2.293663
2700,Multiclass classification,[baseline] Prior Class,RandomRBF (limited 5000),0.35494627639866616,0.35494627639866616,0.13917263242129468,0.0007181167602539062,2.463602
2800,Multiclass classification,[baseline] Prior Class,RandomRBF (limited 5000),0.353340478742408,0.353340478742408,0.13846268173556173,0.0007181167602539062,2.639029
2900,Multiclass classification,[baseline] Prior Class,RandomRBF (limited 5000),0.3487409451535012,0.3487409451535012,0.13685256189798495,0.0007181167602539062,2.8204309999999997
3000,Multiclass classification,[baseline] Prior Class,RandomRBF (limited 5000),0.35011670556852287,0.35011670556852287,0.13704449722918963,0.0007181167602539062,3.008199
3100,Multiclass classification,[baseline] Prior Class,RandomRBF (limited 5000),0.34914488544691835,0.34914488544691835,0.13651513987231215,0.0007181167602539062,3.2018769999999996
3200,Multiclass classification,[baseline] Prior Class,RandomRBF (limited 5000),0.3497968115035949,0.3497968115035949,0.13648641353995386,0.0007181167602539062,3.4013839999999997
3300,Multiclass classification,[baseline] Prior Class,RandomRBF (limited 5000),0.3485904819642316,0.3485904819642316,0.13599792514353579,0.0007181167602539062,3.6065229999999997
3400,Multiclass classification,[baseline] Prior Class,RandomRBF (limited 5000),0.35010297146219477,0.35010297146219477,0.1362693865421742,0.0007181167602539062,3.8176799999999997
3500,Multiclass classification,[baseline] Prior Class,RandomRBF (limited 5000),0.35067162046298944,0.35067162046298944,0.13627966197160118,0.0007181167602539062,4.034904
3600,Multiclass classification,[baseline] Prior Class,RandomRBF (limited 5000),0.3503751041956099,0.3503751041956099,0.13603105854847197,0.0007181167602539062,4.25847
3700,Multiclass classification,[baseline] Prior Class,RandomRBF (limited 5000),0.3506353068396864,0.3506353068396864,0.13593448345594017,0.0007181167602539062,4.488402
3800,Multiclass classification,[baseline] Prior Class,RandomRBF (limited 5000),0.3511450381679389,0.3511450381679389,0.1359368148643582,0.0007181167602539062,4.724944
3900,Multiclass classification,[baseline] Prior Class,RandomRBF (limited 5000),0.3521415747627597,0.3521415747627597,0.136088932405405,0.0007181167602539062,4.968
4000,Multiclass classification,[baseline] Prior Class,RandomRBF (limited 5000),0.3528382095523881,0.3528382095523881,0.13610591114260334,0.0007181167602539062,5.2171389999999995
4100,Multiclass classification,[baseline] Prior Class,RandomRBF (limited 5000),0.3517931202732374,0.3517931202732374,0.13567516544906408,0.0007181167602539062,5.472657999999999
4200,Multiclass classification,[baseline] Prior Class,RandomRBF (limited 5000),0.3510359609430817,0.3510359609430817,0.1353150971599402,0.0007181167602539062,5.734178999999999
4300,Multiclass classification,[baseline] Prior Class,RandomRBF (limited 5000),0.35101186322400557,0.35101186322400557,0.13518211057461776,0.0007181167602539062,6.001861999999999
4400,Multiclass classification,[baseline] Prior Class,RandomRBF (limited 5000),0.3512161854967038,0.3512161854967038,0.13513937015675065,0.0007181167602539062,6.275386999999999
4500,Multiclass classification,[baseline] Prior Class,RandomRBF (limited 5000),0.3505223382973994,0.3505223382973994,0.1348501383837759,0.0007181167602539062,6.555037
4600,Multiclass classification,[baseline] Prior Class,RandomRBF (limited 5000),0.350293542074364,0.350293542074364,0.13468791239727781,0.0007181167602539062,6.841800999999999
4700,Multiclass classification,[baseline] Prior Class,RandomRBF (limited 5000),0.3509257288784848,0.3509257288784848,0.13476519901758155,0.0007181167602539062,7.135114
4800,Multiclass classification,[baseline] Prior Class,RandomRBF (limited 5000),0.3494478016253386,0.3494478016253386,0.13424648180370066,0.0007181167602539062,7.434558
4900,Multiclass classification,[baseline] Prior Class,RandomRBF (limited 5000),0.3500714431516636,0.3500714431516636,0.13432458981982875,0.0007181167602539062,7.740106
5000,Multiclass classification,[baseline] Prior Class,RandomRBF (limited 5000),0.3490698139627926,0.3490698139627926,0.13394980658956512,0.0007181167602539062,8.051575
